903
1221
1249
1101
1264
998
1133
1162
926
975
1169
1341
1189
1384
1074
1335
1231
1216
1069
1295
1198
1270
1176
1298
1013
1187
979
1166
1433
1260
1106
1305
1263
1232
1136
1174
1192
1403
1319
1061
1000
1146
1032
1076
1158
1321
1409
1007
1316
992
1053
988
1150
859
1168
1258
872
1044
1034
1143
1000
1223
963
1188
1127
1384
1108
1210
1203
1164
1101
1206
1037
1436
1281
1379
1115
1405
1476
913
1219
1042
1338
1125
1314
1077
1284
1237
1049
990
1328
1302
1036
1138
1071
1016
1031
1144
965
1025
963
1137
1159
901
1062
1002
1131
953
916
1221
1075
934
995
1078
923
1119
1269
1104
949
1164
1312
894
1015
1011
963
926
972
1172
1192
980
1104
1110
1289
971
1153
1106
973
915
1093
1131
1267
1072
982
1073
1039
1394
1257
1127
1264
1099
1002
1062
1121
1108
1336
1101
1166
1388
1035
1209
1191
1344
1071
1114
1214
1046
1107
1009
1059
1274
1204
1128
1225
1155
1032
1185
1271
1367
1042
1113
1251
1214
1197
1066
1361
1360
1137
1146
1398
1269
1302
1293
1156
1448
1234
1369
1157
1171
1311
1291
1059
1064
1098
1168
1243
1036
1051
1241
1017
1044
980
1510
1041
1025
1104
1138
1398
1066
1131
1321
1173
1328
1286
1103
1186
1032
1244
1122
995
1032
919
1239
1093
1393
1287
1259
1273
994
1162
1036
1228
1225
1172
1065
1238
1022
1043
1034
1141
1053
1239
1107
1116
1222
1274
1151
1109
1083
1137
953
1131
1129
1162
875
1285
1015
1195
832
1073
962
1154
1127
1181
1081
898
869
1010
891
965
1051
1129
1069
1104
1004
1155
977
1107
1156
1256
1010
1051
1178
1341
1118
971
1610
1248
1026
1221
1285
1079
1239
1161
991
1115
1207
1052
1105
990
1048
1354
1148
1072
960
1181
1090
1010
1085
1160
969
1424
1457
1286
932
1010
1189
1274
977
1187
1141
1112
912
1102
1197
1057
1109
1238
1095
1290
995
1537
1015
926
1054
1050
978
1033
1019
1138
1120
1181
1453
1095
1154
1213
945
1264
1326
1217
1094
1232
1272
1153
1142
1248
1065
1052
1217
1236
1148
1068
1234
1160
1059
1274
1247
1260
1310
947
936
1295
994
960
1041
1130
1212
1154
1069
1226
928
1033
1182
972
988
1110
1186
1004
1035
1035
1022
1000
1028
1062
1042
1361
1007
1249
1434
1174
1258
1182
1423
1451
1043
1485
930
1035
1570
963
1194
946
1172
1180
1098
1207
1084
1229
1148
982
1081
1294
1234
1117
1155
1309
1201
1022
1071
1022
994
963
1060
1004
1171
973
961
994
1095
1118
1161
980
1061
1121
1055
956
1401
1166
1387
1059
1139
1028
1267
1034
1129
1026
1134
1122
1170
1338
1000
1311
1304
1112
991
1364
1106
1467
1263
1207
1092
1058
1151
1118
994
1105
1059
949
1188
1172
1141
955
1238
986
1048
1067
1218
944
930
940
1089
1075
1264
1032
946
1077
1193
1003
1032
873
925
1294
916
1176
1136
1083
1013
1066
977
858
1127
1027
831
1096
1078
1037
963
1060
985
1089
943
1111
932
982
1005
1199
953
1166
953
892
1009
1144
1055
1359
933
1327
1140
1002
1072
1066
1054
1013
1020
974
1038
1271
1285
1104
1262
1224
1285
972
1091
1162
1217
1175
989
1072
1277
1457
1096
1520
1204
1302
1094
1254
1183
1216
1027
1083
1142
1048
1039
1057
1323
1377
1415
1198
1014
1147
1201
1132
1402
1062
1058
1049
1183
1012
1006
1101
1048
1285
1157
1211
1106
1096
1083
1254
1249
1126
1479
884
1077
1027
1275
1184
1139
1291
1135
1078
1071
968
1205
1228
1296
1089
1152
1104
1127
1488
980
1103
1124
1173
980
1060
1405
1060
1173
1061
1055
986
1070
990
1079
1325
1066
1054
1114
1164
1326
1201
1002
1066
919
1066
1143
1190
929
1172
1014
1161
1058
1196
1121
1071
1323
1171
1415
1130
1165
1299
1438
1188
1099
1020
1033
1037
1101
983
1287
1269
971
1064
1260
1136
1165
1131
1112
974
1231
1477
1217
1169
1033
1044
1249
1079
1018
1367
1094
1064
1293
1092
1010
1183
1221
1286
1035
1143
1000
996
1028
960
1076
1061
1094
1181
1119
962
1151
932
957
1066
1274
1256
875
946
1224
1032
943
1066
1012
973
1239
908
1246
1240
946
1027
1043
1095
1271
1007
1169
1143
1154
1320
1166
1334
1199
1246
1130
1045
991
981
1013
1053
958
1029
1136
1042
1027
952
982
1159
1117
1234
1331
1039
1244
1166
1153
954
1121
1091
1004
1062
1039
1112
1137
1191
1096
1053
900
1100
1181
1017
1023
962
1025
1543
1173
1304
1014
1252
1264
1099
883
1025
943
1052
1129
1011
1212
1077
911
1210
958
1071
1155
1050
1065
1395
1179
1091
997
917
1025
1260
1046
1045
1241
1257
847
1099
1119
1141
1203
1162
1112
1054
1034
1154
1235
1218
1321
1058
1064
1018
1142
1196
1217
1166
1172
1157
1045
1320
1098
1177
991
1222
1278
1084
1062
1254
1059
1112
927
1056
1019
1147
1125
993
1163
888
1236
1052
1178
1011
1001
1021
1364
1124
1044
1149
994
970
1133
1153
1291
972
1118
1077
1330
1299
993
1107
1216
1154
1094
1295
1246
1135
1316
1179
1160
1058
1152
1125
1128
