380
342
447
348
384
356
475
429
471
382
421
393
378
392
350
366
339
417
388
363
388
385
349
442
420
411
381
344
419
332
330
323
362
354
360
338
368
378
371
372
317
323
383
320
319
337
400
334
375
411
329
389
411
394
462
445
394
384
392
415
429
420
438
394
373
335
396
357
472
342
361
323
382
365
417
445
391
431
358
364
405
426
418
382
455
406
389
349
398
368
435
360
460
409
417
373
395
440
394
452
378
390
316
384
495
366
360
358
425
365
367
442
484
373
439
447
436
441
443
336
460
433
340
355
391
395
369
393
353
385
473
413
347
421
333
407
337
355
444
334
395
491
439
447
387
375
428
392
447
399
306
365
443
449
352
339
395
428
355
405
326
355
409
345
399
353
375
403
369
337
411
360
429
368
450
394
344
403
364
419
346
432
435
453
487
363
387
367
418
383
390
338
365
337
423
382
390
403
391
372
367
449
392
374
404
416
367
332
341
365
320
355
389
391
381
318
357
329
378
335
406
283
317
298
334
351
329
304
292
378
405
367
354
374
346
314
322
340
381
300
321
380
315
296
347
362
341
365
357
372
362
412
333
301
347
329
363
370
313
356
370
309
350
336
380
453
381
360
401
370
420
371
347
373
373
338
346
358
395
382
370
430
367
326
388
351
338
313
283
358
338
356
413
354
407
402
389
361
369
429
326
410
313
328
311
355
353
317
304
346
324
295
330
331
381
372
345
376
371
418
367
300
318
358
449
399
414
419
407
368
460
416
426
385
319
436
373
439
357
364
356
325
378
401
387
383
371
386
398
387
384
356
391
364
346
340
322
328
331
397
371
336
432
392
332
387
335
373
359
375
359
410
447
405
374
368
377
422
359
352
340
378
332
361
341
480
372
385
474
382
437
490
425
391
426
318
334
355
329
410
460
361
356
370
358
400
419
334
305
320
328
356
405
450
347
372
388
395
355
315
329
326
463
419
376
366
432
370
404
368
399
430
419
449
404
308
329
407
388
331
397
437
397
377
408
335
401
447
332
347
345
337
360
402
363
337
395
440
346
380
374
355
442
401
376
378
383
395
366
389
366
405
333
444
382
440
366
420
422
393
392
362
379
357
405
407
410
378
375
384
384
438
459
375
437
313
308
379
304
410
384
394
331
479
462
427
405
330
386
383
380
417
326
425
412
415
358
415
425
350
423
421
420
366
450
374
433
442
400
487
407
373
345
376
373
395
432
401
383
450
406
355
279
339
416
400
387
351
410
378
395
359
452
435
379
352
333
405
331
383
319
334
311
346
344
319
383
402
377
380
407
411
446
378
347
416
314
432
388
456
341
354
398
415
397
369
376
424
364
335
334
396
379
399
423
466
439
432
437
456
394
406
476
401
377
447
388
394
426
414
428
430
396
409
357
309
347
353
347
409
356
306
357
402
372
369
365
316
368
332
367
334
366
360
372
349
397
453
325
368
357
350
401
487
473
433
386
395
373
403
365
433
397
429
417
384
359
365
403
405
369
324
402
391
340
428
384
444
395
347
362
418
407
404
430
370
437
469
424
391
428
420
404
435
356
417
321
307
301
377
457
428
363
432
393
355
336
339
402
362
379
361
390
360
352
345
443
415
389
325
316
311
335
331
274
407
387
384
436
438
388
376
461
387
389
444
429
321
423
404
377
359
383
315
387
423
349
344
365
318
320
410
366
393
332
321
361
449
482
452
431
432
309
387
356
383
374
365
370
396
373
343
431
461
471
436
451
394
311
311
315
417
400
438
372
349
376
408
370
412
381
466
428
400
339
373
370
379
400
388
396
417
386
448
423
388
359
348
339
361
379
327
371
399
401
332
390
438
357
404
376
440
388
440
372
355
412
410
399
374
415
441
332
488
421
471
465
352
408
321
391
404
426
450
404
397
401
345
392
351
417
416
442
370
437
387
419
385
360
368
405
377
320
361
363
364
338
399
384
332
374
348
395
343
370
345
390
370
363
381
406
332
333
362
327
352
373
387
356
329
365
347
357
382
339
368
356
344
294
377
334
347
304
327
355
362
379
391
340
315
