1496
1355
1757
1371
1542
1425
1734
1690
1883
1543
1673
1580
1455
1570
1379
1474
1359
1660
1533
1450
1549
1527
1393
1757
1701
1644
1534
1342
1689
1338
1323
1285
1457
1412
1413
1267
1473
1502
1439
1474
1259
1269
1469
1246
1275
1307
1598
1269
1441
1636
1285
1501
1675
1587
1819
1760
1577
1515
1567
1657
1681
1630
1704
1593
1480
1413
1495
1408
1882
1349
1340
1307
1449
1450
1735
1717
1559
1707
1460
1464
1619
1697
1719
1533
1819
1635
1541
1444
1602
1502
1758
1396
1863
1627
1675
1480
1593
1753
1585
1813
1440
1569
1254
1538
1974
1475
1406
1420
1671
1491
1479
1731
1924
1449
1761
1834
1746
1803
1781
1341
1840
1722
1364
1463
1562
1548
1482
1548
1459
1542
1873
1592
1394
1691
1407
1572
1348
1432
1715
1345
1582
1906
1755
1800
1566
1447
1724
1605
1726
1601
1238
1545
1777
1769
1442
1362
1611
1708
1372
1602
1317
1404
1642
1439
1532
1464
1486
1621
1450
1349
1667
1452
1718
1488
1789
1568
1409
1611
1458
1678
1485
1754
1740
1790
1871
1454
1512
1438
1687
1531
1525
1363
1494
1345
1661
1525
1583
1636
1555
1515
1458
1800
1563
1493
1558
1666
1509
1309
1366
1463
1286
1434
1583
1584
1507
1208
1366
1339
1518
1359
1578
1149
1269
1215
1323
1396
1302
1216
1159
1511
1628
1485
1439
1512
1396
1277
1291
1360
1536
1200
1289
1508
1308
1212
1393
1431
1354
1443
1390
1487
1450
1642
1332
1218
1347
1328
1444
1440
1255
1415
1470
1253
1399
1352
1509
1794
1524
1495
1582
1489
1681
1489
1384
1479
1458
1323
1379
1444
1516
1528
1498
1679
1506
1300
1545
1406
1399
1279
1191
1342
1353
1409
1666
1385
1664
1540
1534
1509
1465
1710
1375
1610
1254
1311
1242
1418
1416
1332
1258
1327
1293
1160
1304
1320
1523
1473
1385
1375
1501
1650
1417
1258
1273
1385
1773
1624
1666
1687
1532
1472
1770
1689
1735
1558
1368
1691
1502
1765
1454
1391
1391
1312
1513
1626
1538
1614
1473
1526
1604
1489
1470
1363
1566
1430
1406
1381
1273
1354
1323
1458
1531
1361
1723
1588
1374
1540
1320
1444
1370
1491
1451
1637
1789
1591
1482
1363
1525
1652
1438
1410
1355
1524
1326
1471
1310
1895
1496
1544
1880
1564
1763
1934
1674
1597
1650
1315
1348
1422
1340
1639
1809
1433
1474
1390
1437
1605
1688
1345
1242
1288
1338
1387
1624
1777
1390
1493
1583
1581
1432
1310
1317
1343
1697
1627
1523
1511
1722
1492
1646
1513
1595
1727
1665
1806
1576
1202
1348
1591
1554
1395
1597
1763
1595
1547
1617
1360
1645
1694
1318
1400
1342
1366
1440
1621
1494
1372
1566
1765
1363
1342
1515
1446
1760
1604
1518
1498
1547
1569
1473
1497
1429
1654
1378
1786
1546
1728
1433
1651
1664
1572
1576
1460
1494
1401
1657
1607
1616
1526
1511
1487
1539
1704
1817
1530
1732
1320
1150
1532
1193
1651
1560
1588
1381
1918
1690
1769
1596
1320
1544
1561
1546
1665
1388
1696
1551
1656
1461
1702
1730
1424
1695
1737
1662
1525
1748
1539
1771
1776
1610
1907
1569
1525
1416
1456
1468
1574
1761
1626
1570
1731
1625
1390
1173
1352
1625
1619
1549
1398
1660
1557
1605
1477
1791
1772
1516
1419
1327
1584
1315
1527
1283
1327
1270
1440
1403
1309
1561
1594
1492
1547
1623
1656
1747
1508
1421
1593
1264
1724
1529
1809
1432
1484
1628
1682
1597
1446
1564
1696
1439
1388
1357
1592
1513
1598
1648
1803
1758
1738
1732
1836
1588
1616
1854
1634
1588
1777
1617
1615
1698
1691
1717
1712
1595
1565
1488
1261
1433
1430
1428
1573
1497
1306
1421
1614
1484
1457
1467
1275
1467
1336
1476
1371
1514
1450
1502
1450
1642
1753
1322
1430
1391
1391
1558
1953
1883
1753
1547
1563
1551
1657
1459
1714
1587
1680
1705
1561
1454
1474
1640
1621
1515
1297
1629
1563
1399
1708
1580
1772
1515
1394
1437
1661
1633
1603
1726
1480
1773
1883
1704
1566
1719
1644
1570
1764
1436
1550
1301
1230
1245
1457
1863
1732
1484
1730
1561
1436
1357
1365
1611
1448
1524
1438
1552
1452
1384
1402
1787
1659
1609
1310
1318
1257
1333
1311
1169
1626
1293
1558
1739
1711
1549
1499
1842
1545
1634
1797
1697
1294
1717
1613
1490
1483
1572
1316
1529
1612
1323
1348
1444
1300
1378
1618
1467
1525
1326
1296
1455
1793
1915
1748
1740
1748
1273
1550
1454
1555
1516
1491
1480
1604
1484
1383
1654
1895
1833
1765
1747
1569
1300
1293
1303
1684
1594
1748
1542
1412
1417
1653
1481
1637
1546
1849
1713
1478
1412
1516
1445
1518
1594
1515
1585
1680
1560
1762
1697
1550
1422
1392
1358
1443
1517
1323
1483
1579
1571
1329
1558
1747
1456
1620
1538
1727
1593
1760
1496
1423
1646
1580
1606
1569
1647
1785
1343
1966
1683
1845
1751
1435
1608
1278
1505
1611
1713
1772
1624
1607
1601
1409
1569
1427
1643
1657
1714
1470
1774
1544
1656
1517
1462
1475
1527
1500
1267
1343
1449
1467
1361
1620
1448
1352
1442
1357
1478
1364
1482
1349
1564
1505
1445
1520
1639
1321
1302
1472
1352
1394
1490
1542
1480
1321
1457
1391
1443
1538
1375
1482
1422
1345
1196
1519
1335
1359
1196
1336
1413
1464
1449
1554
1392
1266
