350
340
429
347
385
356
418
417
471
383
416
394
363
393
339
367
334
413
383
361
386
378
348
428
420
412
384
330
416
333
330
317
354
354
343
310
369
367
349
369
314
308
362
306
319
318
393
307
352
406
318
342
411
395
447
436
363
360
391
413
410
391
421
394
359
335
335
350
458
331
358
326
346
360
413
414
388
421
359
364
395
424
416
374
450
403
391
362
403
369
436
351
451
404
416
372
395
437
386
451
354
388
312
385
495
352
331
353
415
366
369
429
475
355
440
447
436
441
443
333
460
428
340
361
381
377
357
384
353
385
449
391
348
422
340
388
336
359
437
334
389
465
439
438
387
359
429
395
420
384
307
361
444
439
356
339
395
426
348
396
326
348
410
353
376
368
370
403
350
337
410
360
428
364
444
390
336
395
358
419
350
432
434
442
455
346
369
351
419
378
381
318
364
336
409
382
390
400
385
372
368
450
392
372
384
417
354
324
342
364
313
355
375
392
354
286
335
324
374
335
381
259
315
287
333
337
324
306
290
378
405
349
355
368
345
316
322
338
381
294
320
358
316
298
341
356
334
354
337
362
359
409
333
297
329
330
357
344
314
335
364
312
350
336
362
447
381
361
403
371
420
372
343
365
357
327
344
354
340
380
368
409
356
318
388
351
339
313
283
327
338
340
412
326
414
403
377
361
367
426
326
388
305
323
309
360
347
316
297
316
321
273
320
331
370
363
346
326
370
413
328
301
316
330
449
402
415
419
369
330
441
404
426
380
356
406
368
439
353
333
328
324
378
401
382
383
367
377
392
357
360
325
392
343
345
342
306
328
331
394
340
336
426
403
334
385
318
354
320
374
359
400
447
397
367
311
378
398
360
353
340
378
331
361
323
461
373
383
465
381
411
471
412
381
406
319
334
349
330
407
445
349
352
336
357
399
422
334
305
323
323
324
405
430
348
372
389
395
352
327
327
326
386
403
377
378
429
371
404
363
393
430
419
449
376
290
331
397
381
329
397
438
397
373
399
333
407
401
320
347
318
335
349
406
370
338
388
441
330
280
368
356
436
401
375
377
381
391
365
355
351
405
335
421
387
417
346
405
411
392
389
362
364
339
403
363
406
378
375
331
381
413
449
333
437
320
266
380
285
409
383
393
332
479
400
428
400
330
366
409
373
413
323
414
381
399
339
421
419
346
421
424
401
364
426
371
430
443
387
463
373
394
332
358
357
390
433
402
383
412
406
335
292
337
398
394
385
347
395
378
394
364
443
429
379
352
323
376
332
379
310
327
285
341
346
332
379
394
377
377
402
410
428
373
352
381
316
427
377
452
346
355
399
414
396
369
381
424
333
336
334
397
372
378
401
435
441
429
415
450
393
400
449
399
378
442
385
382
423
414
418
428
393
381
357
309
347
353
347
370
357
306
353
393
363
346
345
315
366
321
371
332
366
357
372
349
389
433
325
351
335
347
384
489
468
433
385
389
374
404
361
429
400
411
417
384
359
364
403
405
370
324
402
391
340
424
385
443
356
343
350
414
404
392
429
357
437
469
424
386
429
396
382
434
339
380
316
298
301
351
456
429
360
432
378
363
336
341
402
362
377
357
389
358
352
343
438
415
389
325
319
311
327
307
274
406
384
385
435
421
387
365
460
374
389
439
419
318
433
391
369
348
400
314
375
393
294
325
350
318
320
410
364
376
331
297
362
449
479
418
429
430
300
388
359
374
378
367
370
396
361
344
405
461
446
439
420
386
309
308
309
416
376
438
392
349
334
409
370
406
380
455
418
373
334
374
352
379
387
364
396
418
380
406
421
388
343
348
338
361
377
328
371
390
385
325
391
437
355
406
368
429
387
439
371
356
411
390
399
376
413
435
314
490
420
451
429
352
392
307
367
404
417
433
406
391
400
347
388
350
398
413
409
363
438
369
419
374
360
368
354
368
307
314
363
360
338
399
364
332
356
323
351
336
359
315
390
370
352
379
408
321
317
362
339
352
372
381
357
329
362
347
356
382
331
371
353
329
288
377
332
324
277
311
351
351
337
388
338
312
