4
54
51
34
109
12
54
48
9
52
86
58
105
22
25
126
75
25
10
64
83
59
50
103
5
78
26
17
106
87
39
72
16
58
53
34
51
119
92
45
4
30
1
66
27
47
74
10
68
19
39
6
51
43
17
88
24
45
9
61
29
46
58
122
27
159
46
55
86
74
53
75
24
155
75
35
26
55
79
25
69
31
67
24
26
47
102
110
75
40
196
53
73
29
72
60
76
62
41
51
43
8
78
27
68
27
75
24
46
60
75
51
58
35
18
77
114
83
44
25
34
7
23
34
27
30
18
21
74
12
20
33
115
47
72
23
15
22
44
23
50
37
41
71
12
112
93
46
100
29
44
6
45
48
65
81
31
140
46
49
54
111
23
31
39
27
8
33
45
43
6
38
97
39
13
39
52
191
24
64
8
48
31
8
74
21
17
83
21
50
19
65
48
92
16
64
73
35
30
47
32
36
20
51
57
33
30
58
20
63
17
106
19
55
47
5
73
6
24
55
158
102
66
32
48
52
41
42
18
86
61
105
57
53
36
64
115
30
57
66
112
35
49
18
62
13
8
62
32
12
105
62
22
65
33
76
42
18
57
36
33
67
86
20
93
69
100
16
15
4
50
72
62
26
38
3
7
21
30
82
28
12
24
14
60
30
39
68
92
50
4
49
54
48
40
162
52
8
125
80
76
85
145
35
5
49
35
3
38
27
112
96
57
9
54
33
11
29
94
41
63
169
72
37
29
10
3
19
61
15
43
72
60
110
13
70
33
45
115
9
154
34
9
80
47
9
24
70
88
77
61
29
37
72
66
2
90
120
20
46
61
78
30
59
67
59
53
38
61
26
25
17
23
21
41
13
42
123
23
89
86
23
0
10
24
99
28
55
14
27
96
46
19
40
108
104
6
29
60
62
6
39
42
9
129
33
114
181
43
67
48
114
96
50
102
0
28
235
42
121
18
12
132
24
35
33
65
6
34
106
72
94
11
34
191
22
3
118
22
28
2
33
26
16
10
40
42
22
8
95
10
44
21
8
23
159
80
154
19
96
25
93
19
59
39
51
45
83
169
17
29
101
73
7
63
51
189
75
63
46
43
41
30
60
94
31
11
58
77
6
35
118
22
9
60
126
47
19
2
60
90
83
43
23
35
95
27
31
1
17
189
28
21
115
54
48
57
9
23
15
38
26
87
18
32
15
8
27
53
6
8
46
23
103
85
85
38
39
0
59
31
51
123
67
86
51
14
44
37
46
30
101
20
62
52
28
44
117
62
31
6
11
19
76
83
0
31
96
122
63
135
58
13
36
92
32
16
8
82
10
7
10
91
47
52
69
90
8
89
72
74
36
76
32
22
34
33
21
93
39
49
45
78
44
66
11
61
44
29
63
23
28
5
50
56
14
61
40
51
67
60
28
96
32
40
67
10
58
151
55
38
40
32
44
68
150
35
9
4
47
16
50
53
73
95
28
31
25
114
63
30
34
47
13
6
5
59
13
24
64
35
8
43
18
12
95
40
116
22
20
69
144
21
71
14
13
19
16
38
136
34
13
33
78
41
72
24
39
16
18
81
96
45
37
16
21
18
49
153
48
46
32
107
47
88
106
28
46
10
43
47
83
63
13
8
88
112
29
14
52
37
33
43
79
73
24
10
103
27
62
65
1
61
133
4
42
65
62
68
12
86
89
35
48
15
63
129
91
74
64
48
68
33
6
78
5
72
42
26
128
39
0
33
40
30
54
9
77
8
97
79
16
12
56
26
15
38
12
93
70
30
74
7
8
58
106
57
19
5
69
111
107
103
23
128
56
20
20
15
20
54
38
10
63
80
19
48
37
75
96
3
66
77
127
65
0
15
17
38
27
9
32
93
0
20
56
75
115
43
78
50
33
18
65
96
64
18
5
22
21
84
75
44
41
29
12
130
67
89
12
103
89
116
55
96
81
33
22
42
32
75
80
57
69
2
20
21
57
48
72
56
166
44
44
13
32
5
57
21
73
38
38
35
85
81
6
28
34
63
4
81
73
14
18
7
15
54
3
19
52
