4
74
9
39
93
19
19
97
7
19
28
77
75
44
14
70
116
50
3
89
86
17
30
81
5
33
23
26
187
66
32
72
47
43
33
11
21
152
23
39
2
71
15
31
50
6
117
6
90
6
34
3
30
22
41
30
13
23
26
35
22
19
38
48
9
69
31
53
17
57
29
20
21
126
66
41
71
29
54
0
47
6
4
6
7
11
44
75
52
5
25
23
32
23
48
49
41
61
12
21
14
14
55
17
25
31
62
26
11
5
56
8
32
60
25
58
61
64
8
11
86
4
12
56
35
9
2
17
59
8
6
11
86
47
59
31
3
12
55
4
83
18
0
28
6
84
60
47
58
8
13
1
37
24
8
1
59
120
2
9
6
57
21
48
25
18
11
32
3
36
26
61
71
25
15
16
8
72
8
23
79
19
27
10
96
27
1
42
45
35
2
80
49
8
9
107
23
77
5
34
38
16
21
8
47
10
7
31
19
26
3
211
30
47
34
3
98
20
44
31
72
19
142
10
50
22
26
22
38
57
28
68
13
35
45
84
40
13
67
70
8
26
46
18
74
12
8
23
62
1
43
49
32
53
61
5
26
33
36
4
11
21
72
12
127
8
75
13
35
3
41
35
70
51
5
2
23
17
28
26
26
3
4
22
18
21
21
30
88
35
4
20
93
74
5
117
40
6
93
79
24
57
22
21
5
53
36
4
26
18
53
52
21
4
35
12
22
37
86
23
119
156
108
33
30
6
51
18
61
27
19
47
13
18
13
39
19
43
28
67
118
41
9
21
9
9
5
48
35
57
46
54
5
60
40
2
102
119
37
26
78
49
52
26
111
28
18
43
36
11
21
46
45
1
58
51
69
45
24
38
75
6
3
10
14
93
15
36
53
17
20
7
19
0
37
71
0
0
19
14
17
19
26
17
140
30
76
110
19
73
40
107
27
60
124
6
26
150
39
55
29
4
84
41
8
22
38
28
13
14
62
33
7
66
74
55
29
18
2
43
14
10
22
51
11
17
1
5
16
51
20
10
22
26
24
78
47
145
3
12
0
27
13
42
37
48
13
77
35
70
128
76
72
5
21
23
91
27
55
30
30
43
20
69
47
6
11
57
31
3
3
95
20
23
4
25
22
3
22
35
47
66
4
23
11
14
2
2
1
21
137
13
96
57
72
3
86
9
5
8
5
27
19
8
27
7
8
8
33
30
8
31
45
43
83
14
38
5
0
6
17
12
95
61
72
55
4
23
48
15
24
9
29
27
4
85
42
121
45
40
22
6
18
64
51
0
27
79
85
38
85
67
69
11
28
38
32
0
27
5
7
9
46
39
117
68
13
1
14
65
61
31
5
5
8
31
17
4
38
23
50
51
74
7
48
5
18
21
7
91
17
2
6
12
37
9
63
70
33
16
28
9
16
14
0
62
2
69
88
25
38
7
55
43
31
109
27
37
39
48
5
20
23
39
97
28
15
9
84
62
28
32
5
10
14
60
70
23
61
37
35
8
63
21
4
86
23
71
16
21
77
125
8
66
2
3
2
3
37
133
37
13
8
126
5
13
2
42
8
31
67
38
35
35
16
17
3
6
12
30
1
56
43
56
59
91
79
11
48
8
72
44
77
14
5
40
59
29
5
42
2
14
28
79
94
0
10
103
27
40
41
0
38
128
24
39
40
11
20
67
39
41
14
46
10
56
93
37
133
9
74
13
16
5
15
13
54
14
26
49
40
6
49
16
88
88
21
51
14
71
25
7
16
25
3
4
55
34
53
34
25
71
1
7
54
29
12
62
5
50
77
65
48
7
118
73
26
5
11
5
57
9
19
69
75
8
26
6
65
7
3
61
9
105
29
3
21
41
88
7
40
25
31
0
17
45
73
25
110
82
14
28
20
12
41
85
13
8
27
1
30
94
26
39
28
9
21
58
43
35
70
37
28
48
89
52
79
20
20
11
53
77
24
5
0
11
6
99
39
100
47
124
11
18
41
29
4
5
31
60
4
15
24
64
29
3
46
59
43
6
78
41
10
26
22
35
41
2
7
56
