23
135
120
87
132
96
20
101
14
24
76
148
137
232
7
59
73
101
29
87
132
107
37
158
12
67
14
215
253
104
55
122
105
102
97
85
123
168
161
22
20
111
20
110
154
164
114
15
144
91
96
15
109
31
193
152
17
1
13
91
43
165
55
79
23
144
80
76
126
56
16
172
0
134
189
189
60
252
311
88
111
31
216
32
199
73
192
185
57
7
219
346
59
84
58
74
37
103
56
21
48
85
63
23
62
19
136
65
9
272
91
24
30
128
18
95
188
86
10
122
270
1
77
43
0
7
19
100
86
15
73
37
195
44
47
123
28
11
190
124
180
34
23
63
59
210
140
89
227
65
20
57
81
24
220
107
60
158
1
89
64
165
19
86
207
36
72
162
77
137
86
46
139
49
22
169
130
160
20
17
142
66
28
11
92
271
114
56
209
54
56
138
108
171
52
120
28
72
237
152
13
34
30
96
131
61
8
126
2
48
26
225
141
46
30
51
289
49
140
299
31
206
136
41
144
7
214
166
48
73
24
123
72
326
69
94
177
35
168
14
155
159
66
9
170
91
13
18
55
1
156
50
117
101
205
48
27
15
54
2
51
8
51
38
95
28
88
10
46
8
90
32
100
6
21
24
133
18
7
50
159
27
77
83
58
20
54
155
105
126
31
25
126
80
9
209
38
39
128
207
35
111
102
52
81
115
28
131
38
90
207
40
4
42
135
15
16
6
77
36
340
149
122
61
40
264
133
0
37
75
71
89
136
17
31
60
96
33
121
21
232
63
29
57
24
43
40
90
7
18
92
405
62
62
67
4
136
139
217
114
151
97
120
60
133
119
27
71
113
80
62
118
31
35
37
134
111
233
33
39
249
15
28
74
126
97
184
36
163
70
28
182
20
32
39
117
85
17
13
35
8
12
34
27
115
51
180
245
145
80
77
174
374
65
325
73
20
178
34
84
44
245
144
33
138
53
177
167
16
48
139
164
157
120
61
64
28
38
105
18
21
122
51
217
69
7
16
130
47
59
18
95
115
17
46
142
32
200
11
71
18
31
68
108
201
66
40
94
146
51
166
118
47
4
262
32
169
201
125
55
23
133
19
78
79
25
16
161
27
150
20
155
31
127
32
188
12
1
65
104
76
196
3
58
154
154
59
95
17
19
162
21
155
116
112
66
78
52
52
62
30
36
40
78
69
10
141
76
32
24
174
29
88
59
157
11
149
2
8
60
175
132
191
64
210
132
16
21
122
29
28
6
31
66
131
220
45
128
47
219
14
42
91
96
45
2
35
183
183
43
388
73
177
61
61
59
169
25
28
136
20
71
42
198
147
201
61
12
56
78
120
236
66
35
7
164
81
13
40
28
268
70
82
38
9
15
202
123
40
297
13
146
12
292
80
57
91
86
64
52
25
98
85
317
50
58
33
49
218
15
27
7
115
97
54
186
57
87
54
28
28
19
45
41
144
16
12
16
96
203
145
47
102
32
32
19
62
20
63
37
43
29
211
82
62
84
18
182
67
68
131
136
194
51
57
5
69
3
39
202
156
40
90
111
91
138
123
57
53
172
309
153
86
20
19
237
12
69
106
7
14
154
64
55
113
96
231
46
175
77
79
22
80
52
64
14
104
175
42
98
18
13
38
81
148
8
60
104
28
41
89
17
31
132
9
148
84
41
52
9
98
62
91
41
10
63
87
129
189
42
131
22
146
70
19
13
127
5
34
75
46
73
73
24
132
58
215
167
21
138
52
104
60
99
166
10
81
56
56
74
248
49
25
70
57
158
119
73
64
132
385
101
247
54
157
203
147
1
114
6
36
143
61
131
78
9
206
6
64
21
24
60
305
140
20
60
29
36
165
65
64
203
122
14
87
72
119
157
109
146
38
46
119
118
89
150
15
123
31
158
57
97
137
71
88
116
108
62
11
22
199
154
79
55
85
146
185
34
10
32
39
115
54
48
0
257
14
141
32
83
69
116
116
60
215
29
17
153
134
123
6
55
17
82
165
35
35
44
19
48
164
132
93
222
133
93
11
113
15
31
