877
957
1060
969
910
887
1006
921
891
880
948
1051
858
1064
1000
1087
970
1033
1024
1056
975
1093
1051
967
995
981
917
883
895
1003
962
1009
1087
1071
1027
1042
994
950
1034
949
943
899
961
870
914
1083
1147
976
1021
904
872
930
959
787
979
1001
815
975
984
962
896
993
925
916
1067
993
935
1026
958
960
995
943
985
1015
946
1082
1006
1071
1028
905
982
975
1021
1038
1047
945
927
867
861
918
895
878
848
957
904
870
965
946
840
936
867
1004
969
848
868
877
808
838
850
889
854
851
850
845
876
916
907
871
877
965
893
872
885
876
880
862
928
1020
974
928
1002
1014
893
948
954
910
923
909
948
951
994
982
887
911
959
989
963
950
892
989
902
964
950
1012
1023
865
985
1004
940
1060
1041
990
1010
1083
921
977
996
877
905
1058
1082
974
919
998
961
979
1081
956
990
980
980
1067
1111
1034
1106
1055
1003
968
1116
1128
1177
997
951
1180
1135
1081
1009
1014
1035
1058
971
976
1006
1013
981
915
961
988
950
894
887
968
851
897
1003
1029
939
990
1018
923
909
1002
937
1021
926
951
931
919
889
791
837
947
951
979
1132
1020
943
914
868
879
947
979
996
991
930
886
1012
947
996
1004
928
1011
983
1008
972
989
1042
1017
984
875
1038
1001
941
804
942
912
924
792
957
922
945
979
933
968
844
839
847
855
865
898
916
1022
978
959
1017
903
1001
874
975
884
1012
1077
1073
916
900
1087
1096
949
924
933
949
986
876
912
1005
971
946
934
915
896
950
914
980
905
947
1034
949
1013
908
867
881
983
970
846
945
883
1064
910
996
1067
977
851
889
1049
957
941
1053
951
1004
895
1026
877
866
880
948
914
932
824
965
962
979
928
984
994
1040
929
935
950
942
908
980
1018
973
995
930
914
946
1065
1043
1021
938
1059
1037
1046
1144
1046
1072
904
884
778
897
923
880
996
950
988
894
927
974
842
891
949
910
898
903
894
913
968
913
910
922
931
950
988
948
893
902
901
944
1002
1014
1036
954
956
938
844
985
989
846
927
850
909
929
967
1029
945
962
942
891
916
1018
933
943
982
983
1037
944
920
893
908
938
861
896
887
883
862
922
913
1006
954
926
910
964
1000
928
1026
1002
1020
1022
930
984
1099
930
908
750
939
1001
1004
993
870
987
977
920
974
1018
967
1018
977
964
959
988
945
1049
885
884
991
911
908
1010
984
885
882
913
889
948
877
859
905
851
907
858
919
969
862
877
898
931
902
845
858
864
862
886
852
909
894
849
862
837
1041
944
814
963
961
909
914
925
863
931
860
877
832
826
873
869
811
908
864
878
884
897
869
950
913
945
902
933
955
843
959
893
891
884
937
1072
1000
979
956
1069
981
924
1031
1004
985
992
978
978
921
1031
937
918
1009
1021
970
1079
1045
967
965
944
974
984
921
877
994
1065
1057
1034
1005
963
990
1051
1061
901
952
997
958
865
948
911
957
931
994
979
1010
965
1016
943
1061
1032
1037
831
885
954
916
986
1052
1053
944
949
903
854
1023
1010
936
1028
965
1040
942
1017
888
1024
1070
972
883
909
942
939
1144
952
932
934
938
865
920
997
979
993
1040
927
1029
977
936
897
861
1035
1040
999
882
1001
877
1042
989
926
997
988
1066
1130
1042
1024
1008
1016
1034
947
921
924
1011
925
1033
871
943
1039
884
932
917
1005
927
965
971
883
994
1087
982
994
942
1007
961
1046
867
1058
991
1003
1033
878
843
912
933
940
905
914
868
855
867
930
963
960
939
908
937
870
957
874
905
942
1024
925
841
888
921
949
848
865
945
903
925
853
1016
1020
848
886
944
872
1045
853
1034
1077
975
1012
897
938
1054
986
1013
849
895
853
976
935
894
937
898
908
962
914
912
909
906
1022
1009
955
930
973
1024
865
912
911
975
973
929
909
921
887
886
973
862
930
875
844
866
871
783
977
905
906
969
849
913
936
824
948
900
902
946
991
945
866
852
921
891
867
1001
984
967
974
807
976
919
849
892
966
944
921
945
973
831
947
948
874
883
907
954
943
927
992
1013
986
1002
997
981
930
960
1000
944
962
1004
998
993
1040
904
1023
912
953
999
865
904
969
924
828
851
959
930
993
859
864
1028
886
919
991
881
920
746
846
924
952
922
854
904
952
901
976
1030
920
979
984
1098
999
980
1008
1087
1025
1007
978
997
1021
1023
995
996
938
1057
1082
1014
