389
342
452
338
388
356
423
430
470
389
421
399
359
392
351
375
341
422
383
365
388
385
348
459
441
411
383
344
429
340
332
328
386
352
358
309
368
391
370
368
314
320
362
327
318
339
412
327
363
413
319
429
442
403
462
441
455
379
393
414
432
418
430
409
388
413
398
350
492
345
361
330
375
365
492
443
391
433
394
372
424
424
439
402
454
422
391
382
402
394
451
360
500
410
425
379
407
438
416
459
355
397
315
384
494
405
385
381
415
394
373
416
484
365
442
493
438
476
452
337
460
433
343
383
409
394
399
390
400
386
502
397
351
426
365
389
338
360
420
343
396
491
433
470
414
359
438
426
436
428
321
456
446
442
373
344
426
428
339
405
338
354
416
379
386
368
370
411
381
337
435
372
429
391
450
394
383
419
378
424
442
457
436
453
474
364
387
368
430
392
381
370
414
336
420
380
413
433
394
399
368
451
391
380
387
416
428
336
341
368
339
369
440
409
414
318
357
361
384
353
401
323
321
315
332
371
323
306
297
377
412
420
375
389
361
330
325
343
393
303
328
412
361
321
357
355
342
369
359
390
365
411
333
317
334
339
366
366
314
359
372
322
345
344
401
447
381
411
404
377
417
374
351
376
371
339
344
379
406
386
393
429
409
351
388
353
371
340
345
329
338
370
429
378
429
402
391
425
372
429
396
407
333
335
328
355
369
382
353
349
324
319
327
331
391
375
348
355
385
418
393
356
318
351
448
424
423
430
367
402
442
465
456
404
374
444
393
446
384
360
383
338
379
423
388
465
368
386
417
388
366
356
391
373
369
359
339
369
330
397
416
353
432
410
361
389
349
375
365
374
382
422
448
405
375
369
393
433
359
352
337
396
331
388
333
492
378
392
475
418
501
502
425
415
424
359
365
373
351
414
459
374
406
351
365
407
422
346
326
324
354
356
409
453
347
376
419
395
373
329
333
365
457
402
395
377
432
380
438
410
414
442
418
458
422
322
352
407
391
410
410
451
403
424
407
363
425
445
346
358
344
358
390
410
394
359
395
443
354
400
388
379
440
401
399
372
402
399
377
397
361
439
374
479
389
453
367
420
418
393
406
373
379
354
437
405
404
394
387
394
389
439
459
470
436
374
304
394
318
423
416
409
387
481
430
486
402
330
413
412
420
417
415
427
381
427
427
439
466
386
428
466
419
431
451
427
478
448
423
490
409
387
394
370
383
414
463
421
414
436
406
353
323
339
415
425
389
352
437
430
421
384
456
468
379
363
349
421
333
386
349
339
355
403
364
338
420
402
377
437
411
424
438
384
370
415
318
437
387
459
390
420
432
442
418
368
405
424
395
381
364
404
381
443
423
466
449
447
460
479
409
404
484
435
455
446
458
456
425
449
453
424
419
402
415
334
392
375
387
405
427
388
357
424
388
398
379
333
365
361
370
374
415
374
385
402
466
448
347
373
355
347
405
489
473
453
390
390
430
447
370
432
396
429
453
409
377
381
431
405
410
324
422
390
378
427
426
442
407
361
374
415
412
414
455
387
462
475
430
403
433
428
406
460
402
408
335
326
341
377
494
446
401
433
412
363
349
346
404
372
390
362
391
374
333
371
468
414
442
335
369
327
337
369
347
406
387
408
434
434
387
393
460
387
467
475
429
345
437
433
374
406
421
370
398
402
354
343
374
346
418
410
379
381
331
360
370
449
483
464
439
455
364
387
382
399
405
391
370
416
388
357
424
511
472
445
457
409
372
366
377
434
442
441
400
366
373
427
371
412
405
466
429
400
398
399
370
383
416
387
396
427
404
458
427
389
385
348
345
360
379
340
370
399
400
347
390
437
386
405
426
429
430
441
382
360
411
391
409
440
415
476
347
492
422
471
429
378
405
355
379
404
456
450
406
423
401
372
396
379
427
412
453
374
461
418
418
390
383
368
418
387
320
353
361
384
350
422
384
354
366
377
374
347
393
374
389
394
381
381
416
350
334
385
354
351
373
387
410
355
365
350
374
391
374
381
356
343
326
388
334
370
337
367
351
386
377
387
376
324
