364
331
429
338
385
352
418
414
471
389
415
394
357
393
339
366
340
413
377
361
382
379
348
428
420
410
384
323
429
328
331
317
343
354
352
310
368
367
349
369
314
313
363
293
319
318
378
301
341
406
319
343
411
395
448
438
365
376
387
415
410
398
418
396
360
335
358
351
459
331
352
326
346
360
413
415
389
422
359
364
395
423
430
375
451
404
373
334
399
371
436
349
452
404
417
356
396
438
386
451
353
391
314
385
491
352
331
353
416
366
369
430
481
356
440
447
436
446
443
335
460
428
341
358
381
377
357
381
353
386
449
390
348
422
360
388
338
358
414
334
396
465
439
445
378
354
429
392
423
390
307
363
444
439
357
340
395
426
335
396
327
347
410
353
374
363
371
404
349
338
411
360
430
365
445
390
341
399
358
419
341
433
435
442
455
364
368
352
419
378
380
337
359
336
409
382
390
400
385
372
365
450
392
373
385
417
354
317
342
367
314
355
379
392
356
286
329
325
378
336
386
271
316
307
333
337
324
300
281
378
406
349
356
378
344
317
322
340
381
303
320
358
316
297
345
357
334
355
335
362
363
410
334
303
337
330
358
360
314
360
364
310
350
332
366
447
381
362
374
371
421
372
343
365
357
303
345
351
375
380
369
411
370
318
388
351
339
313
284
328
339
343
412
325
408
400
377
362
365
426
327
405
306
325
298
348
347
317
303
316
324
273
327
331
381
363
346
316
375
413
329
301
318
346
449
399
416
419
387
359
427
404
427
385
319
405
368
441
357
317
324
325
378
401
381
383
367
377
397
357
360
326
389
357
331
340
304
329
331
385
372
336
433
389
347
384
318
342
326
375
359
405
447
400
366
315
379
399
360
352
333
378
332
361
313
462
373
384
466
382
413
472
412
389
390
319
317
345
330
408
445
349
356
346
359
399
422
331
306
321
328
343
405
444
348
370
389
396
345
327
328
326
391
401
377
378
429
371
400
368
396
428
417
450
374
291
338
398
388
329
391
437
398
373
403
328
407
401
320
348
331
336
347
403
347
329
388
441
333
282
372
356
439
401
373
371
381
392
365
356
350
405
336
432
388
418
352
406
413
394
389
363
372
351
404
406
396
378
376
378
382
414
450
352
430
313
272
379
286
409
368
408
333
479
398
428
396
322
378
357
373
418
324
415
381
407
337
421
420
337
423
424
420
364
421
367
430
443
400
463
375
351
339
354
355
375
433
402
390
423
407
347
279
336
396
400
388
347
409
363
395
365
440
434
379
352
320
383
327
366
305
327
308
345
347
320
379
396
361
353
403
411
429
373
347
381
316
428
377
442
355
355
399
391
396
362
386
424
339
336
335
394
376
378
401
436
429
430
420
451
389
406
441
399
378
442
386
383
424
414
418
429
387
377
358
309
347
353
344
391
357
306
354
395
364
344
378
316
366
322
368
333
367
358
373
350
390
433
325
338
344
347
381
488
469
434
386
390
374
404
363
429
396
411
417
381
359
361
403
406
370
325
403
391
341
427
385
443
357
343
351
414
413
393
429
366
437
470
426
380
429
398
382
435
322
381
326
299
299
340
456
429
360
433
378
355
336
340
403
352
378
358
356
360
352
343
424
415
389
325
314
313
334
307
274
407
364
384
435
422
387
365
461
386
389
439
420
310
424
394
370
359
380
316
375
394
326
325
353
318
320
388
358
375
332
318
362
449
478
419
438
431
295
388
362
399
359
364
369
396
362
337
394
462
446
442
423
380
310
302
297
416
376
439
375
348
337
409
370
407
380
459
428
366
338
370
353
379
391
369
397
418
380
448
428
377
335
348
337
361
380
328
370
391
385
325
391
436
358
406
368
429
388
440
371
356
412
389
399
377
416
436
333
492
420
452
428
349
401
295
368
399
418
439
406
393
399
345
391
347
400
416
410
363
438
370
415
368
359
371
348
368
320
315
363
359
338
400
362
334
346
324
358
337
360
315
390
371
349
379
409
317
318
363
323
339
372
384
357
330
366
347
356
381
331
368
356
329
288
377
335
328
276
329
353
363
356
388
338
315
