18
15
13
14
22
25
13
25
21
15
70
15
18
58
13
14
16
19
19
19
101
31
15
23
12
103
299
13
22
127
11
15
16
23
33
51
10
20
15
17
192
305
14
16
25
187
107
96
38
15
19
204
20
30
17
20
14
182
23
13
21
17
24
33
20
13
53
21
24
22
44
26
167
64
172
29
24
17
20
21
136
20
21
16
15
364
275
120
650
524
703
960
1277
1249
986
1266
1270
1272
1042
1268
1264
1057
1265
1269
1247
1276
1253
1260
1245
1200
1262
1252
1245
1231
1209
1267
1007
1252
1267
1274
1262
1244
1250
1251
1239
1044
994
1264
1257
936
1264
1225
1087
1262
1244
1271
1221
1123
924
1260
1263
1184
1265
795
394
1255
1259
1238
789
1265
1276
1229
961
1157
941
633
1132
1262
1285
772
21
162
269
221
15
28
17
13
22
85
14
11
22
81
12
23
86
14
12
12
20
154
15
14
22
17
32
22
24
30
20
8
15
229
17
20
86
25
24
20
206
30
20
18
14
24
111
11
24
13
25
15
34
22
15
60
176
120
47
50
17
30
22
31
16
27
17
26
17
346
1081
1244
1264
1264
1218
1258
1259
1258
1242
1251
1268
1258
1236
1210
1255
1239
1287
1247
1249
1249
1295
1281
1248
1273
1027
1258
1246
1253
1236
1275
1160
807
1271
1261
1249
1259
1258
1283
1208
1262
1262
960
1258
1260
1217
476
228
21
56
16
32
29
13
14
17
18
92
18
19
18
20
64
14
18
22
18
17
23
19
16
15
9
17
117
9
22
28
11
19
23
22
43
16
33
18
13
23
20
313
395
52
28
13
25
17
109
724
1277
1272
1252
1254
1269
1270
1271
1248
1287
1268
1271
1271
1244
1274
1268
1230
1266
1254
1261
1252
1257
1165
1105
1267
1247
1252
983
767
1273
1252
1198
1127
1254
1239
1241
966
879
1075
1237
1250
1211
1228
1261
1265
1259
1264
1214
1275
1259
1146
780
611
835
945
672
12
20
54
12
17
12
20
33
25
14
14
25
22
53
14
19
16
28
13
12
16
16
17
24
17
22
25
17
61
17
27
14
20
302
754
1025
754
593
1257
1264
1258
1241
1255
1238
1269
1251
1280
1272
1260
1274
1250
1265
1250
1247
954
955
1287
1136
1258
1265
1255
1040
1275
1218
975
1272
1256
1160
1197
1227
1275
1281
1222
1259
1280
1255
1249
1251
1261
1277
1229
1262
1263
1248
1240
1261
1204
1276
1257
1269
1247
1276
1266
1266
1254
1272
1269
1300
1269
1267
1263
1263
1260
1255
1251
1248
1269
1275
1265
1264
1272
1272
1256
1262
1270
1256
1281
1252
1284
1274
1276
1273
1266
1258
1132
339
345
15
253
590
16
49
260
785
40
143
786
300
864
1297
1240
1267
1255
1277
1255
1259
1256
1273
1246
1268
1284
1268
1280
1278
1275
1252
1271
1270
1253
1249
1264
1265
1263
1259
1258
1269
1260
1255
1272
1270
1263
1263
1270
1262
1257
1281
1282
1243
1140
1255
1254
1270
1278
1280
1003
1247
1263
1244
1250
1261
1264
1300
1274
1257
1265
1127
1257
1260
1252
899
467
461
24
181
29
11
24
457
19
23
14
13
10
84
16
35
19
24
109
662
352
19
17
385
86
69
462
16
23
25
561
396
53
300
142
28
144
495
387
202
374
457
557
1270
1269
1254
1274
1243
1264
1285
1270
1283
1264
1251
1256
1263
1284
1271
1283
1275
1256
1243
1262
1282
1259
1272
1245
1263
1272
1254
1285
1270
1257
1264
1250
1275
1277
1271
1297
1270
1239
1267
1272
1269
1264
1264
1265
1273
1266
1260
1264
1263
1255
1267
1272
1263
1044
411
119
219
89
15
16
23
12
18
165
15
14
16
34
34
326
12
29
19
10
353
882
1266
1273
1274
1279
1256
1279
1287
1278
1278
1263
1264
1278
1267
1273
1278
1249
1268
1267
1268
1287
1251
1272
1273
1258
1277
1270
1268
1256
1263
1252
1264
1190
1287
1277
1252
1252
1259
1256
1269
1273
1255
1250
1279
1261
1263
1232
1244
1257
1260
1240
1279
1286
1252
1236
1261
1257
1261
1035
1006
1261
1275
1267
1256
1267
1179
814
378
989
1156
609
485
939
571
825
693
513
343
12
97
119
33
21
224
151
105
16
71
15
13
101
491
8
79
106
55
21
273
153
23
