10
19
14
19
15
22
12
19
23
13
20
14
20
16
17
14
96
41
18
21
41
14
21
22
75
131
161
20
17
19
19
27
18
20
21
26
250
28
19
13
21
235
100
21
15
27
317
274
20
17
23
258
334
24
21
17
19
19
24
17
66
17
16
22
166
107
668
381
289
204
331
1005
416
1269
1245
1266
1086
1226
1180
1248
882
1261
1209
822
162
342
1068
1249
1255
1093
389
500
1252
1227
1219
934
804
1261
990
1147
1231
1006
708
1255
800
496
1247
1268
1170
1009
526
193
577
42
29
260
19
16
24
25
9
13
240
507
22
27
13
195
489
65
23
11
75
238
12
20
36
32
90
22
26
25
21
51
26
59
24
83
28
27
24
31
117
22
31
184
86
29
20
21
177
464
860
1035
1033
1248
1255
1263
1257
1267
1279
1257
1278
1219
1264
1250
1266
1260
1252
1248
1212
1248
1246
1072
1255
1139
1260
1261
1219
1243
1219
1253
1269
1229
1281
1233
1260
1227
983
1245
1257
1204
836
1267
1244
1049
1152
1239
1255
1249
1266
1254
839
1260
1245
1065
972
1248
909
1297
1253
815
216
216
80
88
13
15
19
32
21
22
28
13
21
14
156
16
20
54
13
28
40
25
33
16
84
107
24
15
19
19
10
63
26
25
20
19
90
28
19
19
38
176
197
19
31
21
25
16
171
1077
1269
1267
1242
1233
1266
1259
1284
1092
1267
1261
1258
1251
1186
1238
1266
1236
1267
1249
1237
1259
1272
1230
1251
1120
1277
1243
1028
1116
1250
1272
1266
1191
1143
1259
1259
1258
1194
1260
1236
1254
1229
1186
1267
1254
1268
1159
799
377
28
132
9
10
16
18
8
13
10
16
12
22
22
12
21
25
44
124
18
20
23
26
16
18
29
21
13
20
11
41
31
17
190
649
278
633
1222
1256
1204
1270
1229
1159
1260
1270
1256
1250
1284
1266
1119
1261
1253
1222
1240
1266
1266
1244
1270
1260
1243
1259
1247
1260
1062
1255
1264
1256
697
15
14
69
130
17
12
24
26
12
15
10
15
13
12
12
17
17
35
14
17
34
24
13
99
10
15
18
28
11
21
25
33
27
18
17
104
509
468
786
621
1257
1275
1247
1256
1247
1265
1234
1260
1271
1242
1264
1253
1253
1249
1260
1271
1274
1261
1268
1265
1252
1243
1249
1227
1250
1267
1268
943
452
612
587
54
16
15
17
19
13
18
474
196
196
15
26
110
15
20
374
816
974
1274
1270
1256
1223
1261
1257
1274
1289
1268
1265
1250
1273
1276
1271
1266
1240
1249
1262
1247
1264
1255
1275
1272
1267
1261
1266
1255
1265
1284
1258
1255
1241
1283
1260
1257
1257
1204
1264
1273
1252
1192
1240
1269
1262
1282
1268
1252
1282
1267
1264
1250
1220
830
363
858
916
550
518
206
18
21
65
216
13
55
212
275
49
323
127
18
28
124
861
418
55
435
931
691
452
978
1288
1293
1282
1279
1261
1245
1240
1261
1266
1258
1261
1252
1271
1253
1257
1229
1256
1248
1270
1262
1258
1266
1239
1230
1265
1266
1253
1197
1278
1271
1266
1258
1212
1265
1274
1259
1250
1252
1205
1273
1256
1267
1244
1233
1270
1266
1271
1233
1286
1272
1250
1285
1249
1243
1260
1271
1263
1264
1230
864
580
919
694
454
10
19
10
50
22
10
10
16
36
13
14
306
92
19
13
15
19
19
20
138
240
19
11
17
185
72
202
27
12
15
18
327
577
19
48
193
221
827
1262
1255
1261
1222
1283
1277
1278
1254
1267
1259
1268
1269
1280
1254
1269
1251
1255
1269
1247
1266
1266
1268
1274
1251
1262
1262
1259
1263
1270
1266
1260
1264
1283
1261
1216
1111
1285
1269
1259
1123
1283
1280
1274
1267
1271
1267
1278
1269
1279
1257
1250
1233
1031
1257
1269
1255
1129
1008
1263
1290
1261
1236
1261
1252
1257
1239
1170
1232
1268
1270
1254
1270
1222
1263
1269
1281
1252
1258
1266
1265
1266
1274
1267
936
545
468
1192
1270
1244
1071
824
688
782
487
1077
1247
1063
411
19
210
30
11
412
20
8
175
309
202
754
1252
1261
1243
1266
1265
1277
1256
1278
1247
1257
1280
1259
1259
1263
1258
1278
1265
1259
1250
1273
1247
1263
1276
1274
1270
1265
1274
1261
1269
1277
1271
1250
