835
704
813
657
664
668
644
643
647
659
614
631
687
645
672
638
633
643
646
618
596
675
618
642
648
646
612
652
630
626
629
660
649
612
746
617
678
616
703
663
643
613
680
656
666
659
613
641
643
650
640
639
641
633
663
629
658
617
649
666
664
658
626
619
649
612
639
670
664
660
642
644
631
631
680
654
642
624
659
655
664
654
644
616
666
662
660
630
670
630
639
634
634
641
633
666
608
635
653
669
632
624
634
625
640
668
658
621
626
653
639
642
730
620
634
637
621
685
637
623
647
723
631
664
642
636
633
669
636
639
619
628
654
661
669
645
657
642
667
667
620
630
619
670
647
625
609
641
645
621
632
652
637
604
654
619
616
662
619
643
670
663
657
655
639
624
642
653
654
652
640
634
630
635
630
590
667
638
649
674
614
647
630
636
626
665
603
643
671
648
575
631
556
768
641
628
650
654
661
632
660
644
651
638
861
685
652
645
731
638
637
647
634
616
642
645
647
635
641
629
673
688
638
635
670
619
631
651
629
640
655
636
630
606
612
639
627
650
650
654
623
662
644
646
648
624
609
868
604
646
618
666
666
661
684
656
638
612
637
634
618
647
627
648
642
638
633
643
685
670
635
641
655
643
654
626
627
891
645
649
624
626
657
622
652
661
647
659
617
635
634
627
646
646
615
626
646
659
674
655
640
667
667
707
657
660
629
736
641
641
670
630
659
621
649
656
681
644
631
637
869
631
640
641
656
693
660
644
664
678
632
664
647
649
657
639
648
783
625
630
630
656
622
653
644
604
800
643
601
654
650
648
610
639
666
630
647
658
626
751
660
658
632
619
642
704
675
637
654
616
650
623
661
630
690
672
647
655
648
632
663
647
641
643
658
622
643
647
645
618
623
648
652
610
645
676
603
660
622
596
655
639
633
680
646
649
695
612
676
637
652
635
663
622
654
648
651
647
659
655
633
650
689
633
665
675
686
629
699
645
637
633
642
629
639
632
612
660
630
624
657
618
632
627
689
621
656
655
647
649
603
647
670
615
655
669
618
660
659
660
636
645
625
601
634
617
637
640
614
667
621
661
668
666
653
656
613
643
684
644
610
635
649
664
619
626
639
632
633
694
657
633
633
658
647
671
657
652
608
662
644
618
637
653
662
666
668
621
661
644
622
641
652
642
625
668
628
793
650
670
665
746
638
610
634
627
640
644
623
648
651
642
631
630
694
649
634
622
655
607
687
666
641
621
633
633
642
660
669
624
661
648
625
647
624
665
684
625
622
723
655
606
626
644
656
626
632
645
651
646
630
657
619
597
600
642
683
597
632
655
636
662
679
622
595
718
629
645
628
727
640
653
637
681
611
633
664
650
689
666
627
686
621
654
665
606
662
645
668
637
650
635
655
685
603
643
638
654
647
644
748
619
630
656
616
646
668
649
650
669
662
663
612
643
627
638
839
638
652
642
787
648
640
636
632
695
633
622
639
639
646
638
622
629
650
669
652
607
668
643
657
648
822
646
621
651
664
591
627
665
605
813
614
626
644
733
654
648
637
862
621
648
661
628
644
636
637
641
743
637
648
621
728
625
632
653
982
621
640
661
644
625
644
640
645
664
649
639
650
672
615
662
646
601
634
655
621
651
643
657
631
639
673
620
664
634
715
634
632
654
683
649
637
619
689
632
629
650
643
846
624
647
647
636
670
670
632
616
628
628
628
630
678
629
686
642
665
605
635
626
649
633
819
639
682
661
650
635
663
673
633
638
657
627
645
628
646
644
641
635
647
667
673
645
630
641
651
653
602
654
660
638
647
636
632
627
651
640
646
661
