613
612
612
612
612
612
612
612
612
612
613
612
612
612
612
612
612
611
612
612
612
612
612
612
612
612
612
612
612
612
612
612
612
612
612
612
611
612
612
612
612
612
612
612
612
611
611
606
612
611
612
612
612
612
612
612
612
612
612
612
612
612
610
612
612
613
613
613
612
613
613
613
613
613
613
613
614
614
613
613
613
614
613
610
612
613
613
613
609
611
611
611
611
608
611
611
611
611
611
613
613
612
613
613
613
613
613
613
613
613
613
613
613
613
613
613
613
613
613
613
613
613
613
612
613
613
613
613
611
613
613
613
611
618
617
618
618
618
618
618
618
618
618
616
617
618
617
618
618
618
618
617
618
618
617
618
619
618
618
618
618
618
618
544
540
543
542
544
544
545
544
544
544
544
544
544
544
544
543
544
544
544
544
543
544
544
544
544
544
544
544
544
544
544
544
542
542
544
543
543
544
544
542
544
544
530
544
545
541
544
544
544
544
544
544
543
543
544
544
544
544
544
544
544
544
544
544
544
544
544
544
539
544
545
544
543
543
544
544
544
544
543
543
543
544
544
545
544
544
542
544
544
544
544
543
544
545
541
537
544
544
544
544
544
544
544
544
544
544
545
544
544
545
544
544
543
543
543
544
544
541
544
544
544
544
543
544
544
538
543
544
544
544
544
544
543
544
544
544
541
544
544
544
544
544
544
544
542
544
544
544
544
545
544
544
544
544
543
544
544
544
540
544
543
544
544
539
544
545
545
544
544
544
544
544
542
543
541
544
544
544
544
544
544
544
540
544
544
544
545
544
543
544
544
544
544
540
544
544
541
544
542
544
544
544
544
544
544
545
544
544
544
545
540
544
544
543
544
519
543
540
540
540
542
543
544
544
544
544
538
541
544
542
544
545
541
544
544
544
544
544
544
539
543
543
544
537
544
545
544
544
543
544
544
544
544
544
544
544
544
543
543
544
543
542
544
544
544
544
544
544
543
544
544
544
545
543
544
544
544
544
543
544
544
544
544
543
424
535
535
536
536
537
537
537
538
537
537
537
537
537
537
537
536
537
537
534
537
536
537
537
537
536
537
536
536
537
536
535
536
536
537
537
535
536
537
537
537
531
537
525
537
537
537
537
537
533
537
537
537
538
537
536
535
536
537
537
536
537
532
537
537
537
537
537
536
537
537
537
534
535
537
536
537
537
537
537
537
538
536
537
537
537
537
537
534
537
529
530
537
537
536
537
537
534
537
536
537
537
537
537
537
537
536
537
537
533
536
537
537
537
538
537
536
531
537
537
536
536
537
537
535
537
535
537
522
537
533
535
537
537
496
537
537
537
537
535
537
534
537
537
537
536
537
533
537
537
537
537
537
537
537
530
537
532
536
536
537
537
537
536
537
536
537
537
536
537
535
537
534
537
536
537
537
537
537
537
532
536
536
537
537
537
537
537
537
537
537
537
537
529
536
537
537
537
536
536
537
537
537
536
537
537
536
537
537
537
537
537
537
511
526
533
533
533
533
532
534
533
533
533
528
533
533
533
533
528
533
533
533
533
533
436
533
533
533
532
533
533
530
533
533
533
533
533
533
526
532
533
533
532
533
532
533
531
531
533
533
531
533
534
533
529
530
533
533
533
533
532
532
533
533
533
533
533
532
529
532
532
532
534
533
533
533
531
527
532
533
531
533
533
532
520
531
531
531
530
531
526
531
531
530
531
531
530
531
531
532
531
531
530
531
527
531
531
531
531
529
531
531
531
530
530
528
530
531
531
531
531
531
531
532
530
531
531
531
531
531
531
531
531
531
531
531
531
531
531
531
531
531
