659
658
658
658
657
658
658
658
657
656
657
658
658
658
658
658
658
658
657
658
658
658
658
658
658
658
658
657
657
658
657
658
657
658
658
658
658
658
658
658
657
657
658
657
658
657
657
652
657
658
658
658
657
657
658
658
656
658
657
657
658
658
658
658
658
658
658
658
658
657
658
657
658
658
658
658
658
656
658
658
659
658
658
658
657
658
658
657
660
660
660
660
660
656
658
659
660
660
660
661
661
661
661
661
661
661
661
661
660
661
663
661
660
661
661
661
661
660
661
661
662
661
661
661
661
662
661
661
662
661
661
661
661
641
641
641
641
641
641
641
641
641
641
641
639
640
640
641
641
641
641
641
641
641
640
640
640
641
641
641
641
641
641
594
589
594
591
594
594
594
594
594
594
594
594
594
594
594
593
594
594
593
594
594
593
594
594
594
594
594
594
594
594
593
594
590
594
594
593
593
594
593
592
594
594
581
594
594
591
594
594
594
594
594
594
594
594
594
594
594
595
594
593
594
594
594
594
594
594
594
594
589
594
592
594
593
594
594
594
594
594
594
594
591
594
594
592
593
594
591
594
594
594
595
594
593
593
591
588
594
593
594
594
594
594
594
594
594
594
594
594
593
593
592
594
593
593
594
594
594
589
594
593
594
594
594
594
594
585
594
594
593
593
594
593
593
594
594
594
593
594
593
593
594
593
594
594
591
594
594
594
593
593
594
594
593
592
594
594
594
594
589
594
594
594
594
592
593
594
593
594
592
593
593
593
592
593
590
594
594
594
592
594
594
594
589
593
594
594
593
594
592
593
592
594
594
590
593
594
591
594
591
593
594
594
594
594
594
594
594
594
594
594
591
592
593
593
594
568
592
588
588
588
593
592
593
593
593
594
587
590
594
590
593
593
591
594
594
594
593
594
594
588
594
594
594
586
594
593
593
594
593
594
594
594
594
594
594
594
593
592
592
594
592
592
593
594
593
594
593
593
593
594
594
591
594
591
594
593
594
594
594
594
594
593
594
593
476
595
596
596
593
597
597
597
598
597
597
597
597
597
597
597
597
597
597
595
597
596
597
597
597
597
597
596
596
596
597
594
596
595
597
597
596
596
597
597
597
590
597
585
597
597
597
596
597
594
597
597
597
597
597
596
597
597
597
597
597
597
593
597
597
597
597
597
597
597
597
597
594
596
597
595
597
597
596
597
597
597
597
597
597
597
597
597
594
596
589
591
597
597
597
597
596
594
597
597
597
597
597
597
597
597
596
597
597
591
596
597
597
596
597
597
597
591
597
598
595
597
597
597
597
597
595
597
582
597
593
596
597
597
557
597
597
597
597
595
597
594
596
597
595
597
597
593
597
597
596
597
597
597
597
589
597
590
597
598
597
597
597
596
597
596
597
597
597
597
597
597
595
598
596
597
597
597
597
597
594
598
597
597
597
597
597
597
597
597
597
597
597
589
597
597
597
597
597
596
597
596
596
597
597
597
597
597
597
597
597
598
597
583
597
604
604
604
605
603
605
604
604
604
599
604
604
604
604
599
604
604
605
604
603
516
604
602
603
605
604
604
600
604
604
604
604
604
604
597
604
604
604
601
604
604
604
602
602
603
604
603
605
605
604
601
601
604
605
604
604
604
604
604
604
606
604
604
603
600
604
602
602
604
604
604
604
604
595
603
604
603
604
604
604
601
609
608
609
607
608
604
609
609
607
609
609
607
608
609
609
609
609
608
609
606
609
609
608
608
605
608
609
609
607
609
605
609
607
609
608
609
608
609
609
609
609
609
609
609
609
609
608
609
609
609
609
609
609
608
609
609
609
