31
826
2
998
642
30
165
222
73
385
987
1004
998
147
972
65
807
996
365
984
987
920
59
977
827
0
986
34
1004
975
256
993
943
270
44
403
27
987
0
175
214
574
486
896
944
33
566
954
68
874
422
401
184
426
15
993
415
149
178
15
249
493
822
946
51
752
409
989
585
497
823
345
785
603
0
64
448
540
149
418
823
979
300
111
779
798
866
985
591
576
975
488
677
133
959
397
437
869
868
859
294
33
269
329
203
16
24
826
973
298
131
346
783
273
332
412
4
160
496
706
577
991
980
41
945
253
0
981
342
481
216
260
983
679
123
874
666
901
667
802
226
281
993
332
423
727
959
0
936
826
278
977
688
851
753
854
217
975
995
34
955
6
558
30
668
268
1001
802
406
894
20
353
963
996
998
962
666
49
515
925
697
332
246
367
588
429
457
31
370
762
36
988
445
1004
574
1028
993
938
813
728
533
892
683
891
86
29
952
10
151
980
270
55
0
797
658
483
32
5
333
422
296
469
1004
915
792
975
275
241
590
918
956
294
908
968
98
967
433
13
1
159
291
679
518
550
646
488
540
300
109
733
517
394
155
245
666
995
918
500
845
424
912
981
10
183
23
981
896
44
291
339
1002
1000
981
635
757
772
118
990
133
815
952
595
843
977
677
488
658
101
37
395
455
8
388
70
146
311
215
204
84
860
996
2
985
979
375
219
1004
571
877
19
41
79
283
579
308
953
489
908
508
0
481
112
201
272
1056
795
1028
601
594
289
775
843
325
996
525
378
1009
0
27
290
922
213
420
964
263
1005
879
358
868
661
988
682
504
518
971
64
213
573
212
991
821
988
966
404
436
762
992
20
329
992
688
267
11
30
990
685
437
254
736
466
508
470
937
16
904
996
734
826
656
307
393
264
1
162
676
581
890
245
383
2
250
248
20
793
246
367
74
696
989
915
3
53
380
980
226
993
504
126
181
917
841
987
304
611
635
462
72
335
177
164
822
147
5
628
64
607
0
763
93
11
580
47
849
677
208
310
457
974
122
495
0
463
804
19
918
13
988
6
993
332
663
12
516
879
519
140
890
978
957
422
426
29
127
260
302
418
954
931
274
412
6
815
856
369
0
242
281
56
5
29
10
632
450
989
431
636
891
602
1006
364
1010
671
31
3
619
994
790
60
611
650
659
302
934
261
303
990
969
539
974
748
982
662
986
339
453
1
248
677
294
754
397
825
709
379
972
32
11
329
979
640
224
154
152
349
599
979
670
884
212
550
75
30
400
559
422
739
996
119
638
646
625
607
607
226
1001
949
539
154
24
0
969
671
994
515
219
944
647
1006
172
39
482
986
979
139
945
844
234
5
888
362
13
700
566
835
959
0
359
53
847
77
981
987
250
352
0
347
969
214
8
717
86
556
7
773
278
240
650
563
53
31
626
997
446
988
41
154
576
55
0
887
807
668
422
397
336
511
783
316
952
20
200
29
214
109
423
177
949
994
128
147
847
372
967
5
638
529
122
450
778
665
178
901
782
304
810
298
985
996
262
126
47
265
5
988
26
919
52
996
31
288
7
197
607
104
93
394
452
816
966
789
296
769
518
51
24
877
803
976
300
576
206
997
270
19
363
183
991
25
971
490
546
977
997
3
971
285
241
237
951
985
348
960
989
585
193
450
138
289
992
319
386
249
485
329
17
36
273
942
776
50
431
11
714
659
62
492
940
848
426
120
153
16
571
10
692
732
395
124
1002
353
609
297
0
256
276
7
485
0
323
978
941
2
11
281
809
522
185
563
974
985
274
869
973
432
827
398
548
975
56
309
247
548
701
984
0
18
877
748
883
979
