2051
2105
1651
1762
1736
2332
2360
2159
1480
2375
2358
2206
2408
2406
2110
1274
2448
1982
2105
1562
2187
2541
2189
2270
2560
1596
2348
2169
2333
1849
1979
2207
2527
2109
2025
2163
1634
2164
1063
1604
2539
2500
1605
2560
2281
2124
2522
2361
1939
2492
2292
2406
1953
2489
1715
1702
2492
1759
2058
1266
2430
1993
2418
2249
1738
2215
2268
1855
1636
2275
2352
2356
2560
2410
1323
1462
1964
2560
1399
2286
2014
2136
2041
1899
1939
2278
2523
1507
1658
1708
2455
1570
2482
2383
2295
2370
1693
2303
2555
2465
2047
1634
2169
2288
2298
1581
2460
2315
1791
2055
1555
1946
2554
2342
2546
2006
2047
2088
1509
1773
1677
1931
1594
1817
2153
2432
1684
1507
2395
1796
1959
1814
983
2500
2058
2519
2183
2529
1754
2092
1979
1645
1972
2136
2493
2547
2003
990
2313
2103
2192
2177
1859
2195
2253
2539
1476
2165
2011
1608
2356
1939
2408
2081
2489
1317
1944
2276
1982
1902
1891
1801
2169
1689
1191
1559
2215
2298
2194
2560
2163
2560
2271
2469
2140
2133
2317
1842
2125
2428
2182
1991
2180
2389
2559
2019
2394
2394
2467
2315
2559
2538
2232
2421
2093
1999
2436
2225
1517
2132
1362
2175
1095
2162
2489
2222
1929
2032
2550
2443
2463
2389
2259
2273
2556
1994
1661
1672
2353
1914
2287
2481
2322
2480
1217
2071
2523
1966
1942
1448
2292
1927
2496
2205
2510
1792
1808
2281
2140
2092
1601
2109
2070
2381
1998
1322
2031
1811
2110
1575
2135
2093
1347
1724
1666
1901
2529
2008
2323
1649
1659
2054
2199
2399
2438
2560
2296
1811
1777
2144
2295
2490
2259
2366
2483
2310
2398
2515
2290
2394
1485
2044
2143
2204
1804
2530
2184
2458
2448
2560
2187
1005
1726
1965
1654
1733
1887
2071
2560
1585
2154
2532
2541
2558
1387
2495
2086
2514
1553
993
2055
1755
1854
2306
1060
1941
1984
2531
1815
1962
2402
2326
2552
2175
2297
2229
1968
1165
2205
1395
2414
2001
2543
2456
1582
1877
2422
2231
2493
1896
1493
2353
2263
2357
2180
1144
2472
2085
1455
1193
2515
2172
2434
1791
2491
2197
2380
2010
1526
2332
2496
1719
1346
1687
2387
2461
2486
1638
2286
2220
1734
2301
2464
1400
2560
1539
2469
2559
2535
2429
1803
1975
1839
2465
2540
2312
2560
1568
2386
2077
1914
2557
1878
1822
2352
2424
2320
1787
1877
2380
1841
2083
2445
1552
1746
1990
2193
2204
1383
2482
2434
2412
2189
2515
2433
1861
1626
2126
2207
1960
2497
1887
1686
2221
2023
2251
1003
2505
2228
1931
1643
1608
2531
2560
2174
2302
2475
2000
2372
2090
1134
2092
1854
1783
2502
1973
1722
1447
2196
2215
2390
1925
2487
2524
2502
2192
2476
1841
2143
1674
2148
2007
1891
2430
2323
2317
2167
2431
2110
1499
1839
1988
2068
2292
1419
2201
1864
2141
1895
2157
1803
2327
2540
1774
2527
2338
2547
1810
1805
2217
1802
1846
1681
1686
2376
2356
2022
1352
2295
2435
2167
2482
2320
2353
2483
2008
1926
2559
2364
2458
1288
1919
1793
1531
2369
1685
1942
2241
2416
2558
2191
2531
1864
2291
2362
1164
1869
2135
2249
2140
1804
2560
1209
2198
2287
2437
2082
1982
1327
2158
2121
2213
1598
1946
2129
2485
2317
2005
2448
2493
2314
2506
2506
2299
1432
2125
2107
1700
1487
1532
1459
2447
2116
2356
2279
2387
2462
1406
1784
2385
2327
2252
2337
1989
2368
2390
1860
1979
2506
1669
1004
2420
2551
2512
1385
2230
2268
2000
2542
1797
2275
1341
2140
1369
986
1703
2189
2036
2295
2056
1921
1797
1945
2210
2496
2332
1823
1762
1826
2225
2544
1922
1502
2316
2264
1180
2522
1414
1438
2504
2347
2266
1969
2388
1743
1914
2321
1905
2060
2171
1785
2143
1884
2060
1704
2080
2351
1485
2105
2299
2145
2410
2505
1880
2135
2481
2077
2502
2441
2546
2040
2525
2323
2092
2284
2184
2215
2230
1879
1463
1537
2391
1712
1323
2034
2432
1723
1729
2138
2128
1801
1636
2071
2270
1696
2465
2067
2295
2194
2351
1361
2499
1595
2094
1256
2491
2448
1937
2173
2282
2092
1494
1367
1729
1995
1788
1252
1432
2345
2422
1917
1668
1898
1449
2162
1265
2044
2251
2346
2317
1373
1820
1753
1730
1189
2143
1694
2557
2046
2308
2423
1858
2223
1789
1964
1659
1613
2374
2109
2030
2066
1086
1750
1966
1668
1912
2538
2559
2331
1830
2065
1883
2280
1664
2255
2115
2336
2361
1530
2226
2223
1915
2317
2142
2444
2286
1561
1973
2285
1763
2315
1588
2040
2150
2555
1929
1673
1717
2146
1845
1529
2557
2547
2445
1963
2363
2069
1611
1907
2431
2307
1572
2492
1441
1605
1445
2447
2559
2103
2136
