577
299
791
0
15
1511
137
75
1115
1680
80
98
594
1223
578
212
109
987
289
651
1406
143
1578
233
721
1
1620
1820
372
679
919
1735
927
597
1586
203
669
0
376
9
79
805
525
1
958
846
408
872
1107
1431
408
1709
252
506
1781
60
1001
156
1510
0
305
0
313
873
1562
140
53
462
0
644
85
77
2079
123
61
1171
742
47
1039
154
322
1301
723
1510
650
362
1298
738
2046
1131
378
1388
999
650
924
260
900
1473
698
871
1736
1359
1320
482
1
664
687
747
399
747
1383
653
19
279
546
1831
88
1
44
173
554
40
921
541
160
1413
64
13
581
131
1012
125
1456
87
1211
1705
796
1376
706
1531
801
68
477
1175
0
346
6
454
1120
1026
164
1438
54
1025
460
236
1483
1185
93
44
1737
650
1347
300
1053
271
889
1883
770
767
1185
1273
0
638
464
64
844
60
868
496
58
547
480
1797
1784
12
857
64
690
1173
538
3
775
555
613
490
978
306
550
79
810
1090
41
470
137
582
585
669
1565
1390
1212
1215
326
30
1548
24
492
958
158
204
707
478
768
1095
774
5
235
28
712
667
345
759
0
739
109
1265
52
1093
571
191
195
341
233
1425
840
1361
1057
1462
455
0
582
135
1729
492
0
302
771
146
958
362
1278
298
345
252
1228
1549
41
1308
176
102
158
593
1196
76
991
274
0
0
1476
1973
1331
1009
1404
207
249
1703
252
18
0
530
245
878
222
351
1205
1054
1620
931
657
618
45
1171
0
519
161
0
211
1088
728
84
1920
1915
1505
0
1220
611
0
212
743
613
366
894
298
832
956
961
115
109
5
1439
1995
677
181
5
558
917
373
333
1313
15
1936
859
240
1180
1217
1136
0
1270
1642
513
1753
1755
19
631
475
349
1436
1712
814
472
97
24
1167
1278
965
0
1436
1679
1424
1245
761
1085
854
1591
707
54
375
644
363
374
597
479
886
1267
466
139
705
993
1122
841
60
1363
1407
1362
68
134
1248
1105
1476
1526
1211
711
989
319
1586
1244
1699
418
414
363
359
617
0
664
1517
17
0
767
37
111
951
0
262
916
80
1214
1939
1708
1004
635
1139
714
0
0
1298
624
0
706
183
1073
1009
212
527
1
0
784
772
1506
1206
353
1105
417
104
579
203
685
1716
76
95
93
0
707
0
1363
738
57
1877
1855
0
0
202
0
0
1231
404
812
187
506
657
683
462
218
1078
404
19
272
530
670
590
1442
776
42
1414
226
340
855
911
1452
751
321
162
1036
357
783
695
328
212
832
1661
1304
746
74
0
381
30
783
39
29
1091
1059
381
165
202
1288
893
1230
1118
1072
163
0
189
1994
134
1163
900
32
720
1111
237
476
47
699
766
0
994
179
1841
1521
359
1646
491
41
703
55
663
123
1369
1233
285
246
787
32
209
1072
0
177
240
553
0
476
1737
940
369
1175
1996
1530
840
455
965
69
350
522
33
1881
1271
86
720
637
166
257
509
1642
343
485
1678
1139
582
560
942
317
305
1401
721
145
842
973
0
39
1177
163
381
0
2010
2083
1139
779
919
1020
742
115
1694
259
526
15
137
659
1192
1549
408
646
1052
925
293
970
941
1015
1221
663
1146
810
577
0
1158
1360
839
627
955
83
614
0
122
216
836
1034
0
657
1313
752
419
1270
604
463
146
690
624
1292
744
738
1001
300
57
1533
277
9
1149
1085
993
304
1500
2
8
365
689
0
2159
66
129
693
0
425
1610
0
950
247
822
176
357
93
3
1345
0
334
0
0
885
447
1038
189
2
0
15
110
0
1521
1695
40
643
488
0
743
102
381
753
227
235
312
141
647
812
1219
107
1364
359
408
128
138
41
720
32
66
1651
145
707
1197
954
809
658
785
1481
1259
1302
74
1691
29
1091
0
1745
1353
1057
754
611
1224
0
345
2106
947
1783
1422
1039
11
0
1585
903
1
0
79
610
176
853
0
1555
29
971
1157
1241
148
18
929
778
1516
0
1009
98
1758
1449
749
602
1243
1439
986
