625
625
580
580
580
580
555
560
560
559
557
559
560
558
559
560
560
560
560
559
559
561
560
560
560
560
560
560
560
560
560
560
560
559
560
560
560
560
560
560
560
560
561
560
561
560
563
563
564
563
563
563
563
563
559
564
563
563
563
563
563
563
563
563
563
563
562
563
563
563
563
556
563
563
564
563
563
557
562
558
563
563
563
563
563
563
498
562
563
563
563
560
563
563
563
563
563
563
563
563
559
563
563
563
563
563
563
562
563
563
563
563
563
563
563
563
563
563
563
563
563
563
554
563
563
563
555
557
564
564
564
564
564
564
564
564
563
564
564
564
564
563
564
563
564
564
563
564
564
565
564
564
564
564
564
564
564
549
549
549
549
547
549
549
549
549
549
547
548
549
549
545
547
549
549
549
549
549
549
549
549
549
549
548
549
549
549
549
549
549
549
549
549
549
550
548
543
548
549
549
549
548
549
549
549
549
549
549
549
547
549
549
548
549
549
549
549
549
549
549
549
549
548
549
549
549
546
549
549
549
548
549
549
549
549
549
549
549
549
549
549
549
549
548
549
549
549
549
550
549
549
549
548
549
549
549
549
549
550
549
549
549
549
549
537
549
549
549
549
549
549
549
549
549
549
549
549
549
545
548
549
549
549
548
550
541
504
504
504
504
503
504
504
503
503
504
504
504
504
504
504
500
504
504
504
504
504
503
504
504
504
504
503
504
503
504
504
504
505
504
501
504
503
504
504
504
504
504
505
504
504
502
504
504
504
501
504
504
504
505
504
504
504
504
504
504
503
504
504
504
504
504
504
504
504
504
504
504
505
504
504
503
504
504
502
504
504
505
503
502
503
504
504
504
499
469
504
504
504
482
504
504
504
504
504
504
504
504
504
504
505
504
503
504
503
504
503
504
504
504
501
504
504
504
502
504
504
504
504
504
504
504
502
504
504
504
503
504
501
504
504
504
504
504
504
504
506
503
504
504
504
503
504
504
503
504
504
504
504
499
504
505
498
504
504
504
504
504
500
504
504
504
502
504
504
504
504
504
500
504
505
503
504
504
504
504
504
503
504
502
504
505
505
504
504
504
502
505
504
502
504
500
504
504
503
500
505
503
503
505
504
504
504
504
504
504
504
504
504
504
479
503
503
504
449
446
446
446
446
446
446
446
446
447
446
447
446
446
446
446
446
446
446
446
446
445
404
437
444
446
447
446
446
446
446
369
446
447
446
447
446
446
446
445
446
446
446
446
445
441
444
446
445
445
446
441
446
446
446
446
440
446
446
446
445
446
446
446
446
446
446
446
446
446
445
446
446
446
446
446
444
446
446
445
446
445
446
446
446
442
446
446
446
446
446
446
446
446
445
446
446
446
446
445
445
446
445
444
447
434
446
446
446
446
443
446
446
446
442
446
446
446
447
446
446
443
446
446
446
446
446
446
446
446
446
411
338
272
297
198
198
396
396
396
395
397
396
395
396
396
393
396
396
394
397
396
396
395
394
394
396
395
396
337
259
278
313
299
341
364
366
368
367
366
364
367
365
367
367
367
367
365
367
368
366
360
366
366
367
367
359
368
365
365
365
367
365
366
367
367
367
364
359
364
365
365
367
367
366
366
367
365
367
367
367
367
367
366
367
368
365
367
366
366
367
365
366
367
366
367
367
367
366
367
367
352
367
366
367
365
366
367
365
367
367
367
367
367
367
361
363
365
367
367
365
365
366
365
367
367
367
367
367
367
367
363
368
365
367
367
367
367
365
367
367
367
367
367
367
367
367
367
364
367
367
367
367
364
366
367
361
367
361
367
367
367
365
365
367
366
