1030
0
872
463
1006
92
1689
1314
626
34
143
839
274
150
252
1252
727
186
101
611
270
1184
361
316
1715
498
399
133
1970
60
1176
128
815
1226
501
1612
1535
536
177
427
1847
1139
706
25
0
0
1207
1
234
926
190
69
1578
22
609
17
84
42
220
1137
487
1
1145
129
708
82
93
268
1947
1586
1052
960
1
359
1564
0
503
69
357
1502
1953
1
0
119
838
0
515
728
1
25
166
951
1158
0
443
15
688
431
1367
247
181
3
459
715
103
467
35
496
1144
67
728
0
1416
383
1839
64
1709
402
0
1822
282
616
0
271
1892
519
1284
260
0
190
845
153
724
58
0
272
1672
850
0
755
884
815
928
1163
723
1610
1250
1157
404
1384
199
1031
266
1501
1304
1625
0
39
1274
769
649
677
471
483
700
906
930
33
59
524
232
63
1285
1312
403
671
15
618
327
950
640
666
831
0
378
385
1411
341
197
31
1408
141
254
258
1682
160
0
703
352
503
622
235
319
833
705
1674
154
772
745
317
1191
982
258
631
210
104
1393
12
1325
758
1371
0
1359
78
275
845
691
1191
196
0
377
710
848
353
1339
161
916
406
0
1228
929
30
230
1087
1662
0
839
669
1294
1725
1551
1009
486
431
660
627
95
1215
178
1258
503
1140
1456
392
1105
22
135
109
138
250
20
0
201
662
0
690
728
1979
96
141
585
850
1
89
67
761
1727
1113
104
0
1091
77
1075
1667
61
154
67
68
148
677
454
130
1115
877
327
910
365
1201
709
776
182
0
243
1596
198
297
966
1208
5
1520
300
885
1036
1047
0
861
1149
2
1536
128
194
8
638
1765
141
512
177
54
82
728
0
0
618
346
429
0
559
21
484
334
0
580
89
966
84
44
717
438
0
719
455
1807
193
0
895
1260
792
680
1059
809
558
155
1312
5
104
585
1261
621
769
1296
1509
1431
1160
1086
1503
159
614
82
308
1075
15
0
36
839
5
1380
0
959
820
654
921
560
230
282
0
0
133
97
123
1441
169
587
560
1677
302
1415
757
112
271
99
824
625
56
1
751
213
229
0
525
1618
863
655
1224
951
510
1057
1349
924
247
611
258
9
492
0
731
880
951
148
1264
1724
1115
222
1622
197
57
1759
0
816
302
27
654
0
495
142
1208
395
56
7
442
1316
609
798
1541
112
183
1360
718
330
1045
27
89
438
384
1045
61
1474
1722
926
1434
882
1173
910
548
695
2054
1279
1452
853
0
58
473
0
178
1021
0
206
155
986
1
476
318
1020
424
103
7
507
1481
1223
238
436
973
1004
100
0
10
872
261
1
398
723
280
302
1068
306
565
573
0
905
131
861
1081
937
1266
2013
113
1251
12
270
26
0
1669
319
0
0
839
106
924
27
228
1772
237
1626
556
163
1561
1788
248
0
1412
192
163
755
0
1217
26
476
991
752
98
581
1620
297
2102
161
1153
2029
881
1110
1796
435
602
116
975
159
0
1385
249
1748
622
663
1690
5
468
197
312
420
1942
55
1195
222
1431
456
0
48
518
340
420
0
648
1446
494
536
15
33
865
10
362
35
1892
407
935
1202
607
1257
99
400
1185
1163
30
102
935
1594
1142
860
356
655
431
5
998
466
1496
482
1034
73
1933
1180
120
332
100
977
99
94
408
1788
1533
1047
548
788
15
0
242
982
607
1546
881
564
0
18
477
1760
1839
1288
1394
192
0
1260
695
121
1632
70
133
232
493
133
951
1747
551
0
351
15
1094
0
1592
21
156
732
160
1233
1212
516
1791
245
1109
635
508
730
0
522
517
108
1072
685
835
221
553
463
611
128
448
163
384
1003
18
498
501
185
1229
137
470
301
55
454
835
629
1320
348
101
132
317
107
727
890
0
0
112
1039
4
0
202
859
1156
1085
1334
411
33
27
0
478
41
209
560
632
1151
1356
1302
1163
944
649
177
1492
845
687
591
665
59
902
202
73
1013
162
1099
190
1473
353
0
59
1563
1022
704
15
