708
116
323
241
84
715
249
198
234
888
863
643
291
595
873
329
563
104
170
1067
219
1038
77
859
238
846
469
314
1098
369
84
591
467
794
326
601
685
930
148
830
231
830
284
731
850
476
213
0
358
814
864
298
505
451
885
435
863
282
756
375
28
1033
201
789
185
863
578
415
255
115
394
635
305
180
540
555
233
546
423
649
939
862
350
419
268
772
927
210
834
288
783
281
920
728
503
641
396
185
207
385
446
101
770
644
705
922
941
662
1009
852
471
167
398
256
934
507
882
1043
499
810
891
460
730
436
144
355
350
306
620
524
613
33
443
397
40
346
195
990
824
608
831
620
311
675
305
334
509
574
503
175
1081
419
23
1148
623
778
577
236
764
307
1018
765
140
1016
614
523
306
690
570
729
710
134
594
61
1029
480
88
14
1128
868
193
999
871
334
882
435
384
750
546
808
641
198
773
518
790
310
382
1126
577
959
124
659
486
195
375
174
367
118
153
465
529
798
847
329
631
795
466
896
551
199
415
418
594
861
533
410
936
811
89
689
118
225
145
158
177
640
140
499
137
199
1069
727
179
461
864
436
116
141
1079
217
895
470
822
384
93
952
508
975
303
976
722
179
287
716
32
301
533
479
449
283
843
680
689
792
736
901
141
627
544
872
25
1062
809
540
881
405
562
559
771
427
980
502
526
841
233
651
393
414
827
386
206
802
451
148
58
1037
954
817
693
861
581
858
187
873
830
203
716
382
244
203
33
806
345
146
569
372
1010
780
868
822
589
199
1030
593
567
162
206
83
486
221
531
745
817
627
425
487
281
86
181
884
54
940
404
531
171
819
749
379
890
425
7
42
698
209
650
600
1147
412
854
47
896
532
156
880
965
684
233
563
681
740
656
539
345
183
834
875
456
790
289
313
443
848
1039
1090
585
390
772
522
893
337
896
775
793
928
59
756
330
32
750
551
926
44
834
225
212
265
517
477
315
351
769
662
231
475
290
282
325
266
680
1045
635
679
309
872
874
321
967
83
396
300
544
938
1063
59
130
423
439
84
791
538
759
752
417
878
557
470
907
90
174
963
500
56
884
571
423
357
735
774
337
911
135
50
473
690
243
383
805
623
1062
240
872
362
891
1128
79
152
258
408
4
383
255
301
341
776
177
662
220
185
902
264
811
592
413
76
814
563
480
324
250
218
139
720
855
881
862
697
749
472
724
498
697
941
834
957
54
14
791
654
72
991
389
815
285
592
909
406
167
258
230
805
908
800
865
777
180
292
366
735
373
224
635
364
39
257
657
280
799
952
951
321
1010
15
1016
347
698
619
443
2
1004
413
378
421
840
845
997
461
143
330
436
49
819
328
257
217
178
1012
311
631
267
873
414
261
866
523
423
1102
727
879
699
183
1133
892
131
156
313
227
652
384
929
818
389
832
30
953
688
331
217
192
923
811
826
444
193
216
789
626
755
121
979
48
871
812
940
49
550
529
191
742
872
684
868
703
30
951
37
846
209
157
160
781
191
447
531
953
285
706
742
439
653
382
281
948
401
282
540
894
1004
532
764
774
730
674
719
742
324
744
371
205
938
859
564
295
343
462
655
60
396
745
121
413
768
783
1096
781
742
571
584
766
503
51
54
937
591
225
538
388
544
915
941
848
517
651
404
493
649
247
1046
34
750
159
1039
547
694
286
179
745
159
910
405
775
348
517
894
275
994
120
344
440
806
607
903
389
190
99
730
713
547
496
928
850
695
903
509
633
174
523
835
953
836
337
392
724
910
481
897
511
415
448
720
781
996
674
716
947
301
842
540
1120
717
499
499
501
639
653
155
373
178
777
911
371
842
565
727
1057
288
583
792
459
744
624
