201
635
448
622
671
645
604
658
642
641
644
616
643
613
630
668
616
617
634
646
624
591
622
650
607
656
633
644
641
653
649
632
606
644
499
619
616
661
615
616
629
664
620
642
626
635
643
678
616
641
645
633
651
655
636
615
610
623
630
615
658
651
654
647
618
654
655
621
637
651
653
618
640
644
643
632
622
656
661
646
636
642
631
668
637
595
582
653
618
658
643
633
636
681
659
620
632
611
626
644
648
629
659
670
658
628
608
639
618
600
651
610
573
639
622
630
656
617
622
585
624
563
646
631
649
613
701
663
656
654
621
633
611
628
638
631
627
616
669
631
629
643
643
642
639
626
658
631
633
628
601
627
648
674
655
644
617
637
638
638
608
649
642
654
641
642
638
639
620
643
636
625
644
631
647
651
626
630
648
627
620
627
626
617
644
629
672
651
633
639
687
627
616
467
644
648
651
618
644
647
620
630
663
647
350
607
637
646
558
637
654
642
643
625
655
655
645
634
661
671
634
603
647
637
595
646
623
643
644
653
626
650
641
639
645
632
649
639
613
661
666
624
635
622
610
638
688
313
659
630
651
625
632
629
606
636
620
628
674
653
611
666
638
680
638
630
637
658
611
622
643
616
643
666
661
659
652
324
661
646
672
656
640
631
643
619
626
629
653
649
643
652
614
635
629
614
617
634
614
657
633
627
630
587
650
653
623
573
634
624
623
638
646
652
625
637
572
635
609
650
386
640
648
671
624
595
640
641
660
631
665
608
657
627
638
648
629
512
664
641
626
643
634
646
660
658
482
613
679
620
586
642
668
680
650
646
648
629
664
542
622
641
644
631
670
631
623
616
618
628
628
654
621
615
634
641
636
638
623
628
649
639
588
602
624
638
650
622
635
639
648
608
624
631
639
630
655
650
634
651
640
642
633
596
624
614
612
662
600
655
680
646
610
635
642
630
621
602
612
630
618
638
597
630
596
631
608
648
629
644
652
643
604
655
659
661
618
662
632
649
641
625
640
626
614
646
661
637
617
619
648
673
643
630
642
633
654
621
619
653
633
671
651
670
637
669
642
632
626
622
639
635
632
627
641
635
652
645
586
619
650
648
601
581
650
627
660
659
638
591
615
666
629
630
658
643
650
634
686
609
628
644
628
659
600
638
609
652
612
666
675
597
669
622
663
654
641
517
642
617
631
575
624
652
637
614
638
632
660
629
630
655
623
651
582
613
631
669
606
651
601
644
606
629
668
677
602
661
649
649
618
599
653
659
631
611
611
689
631
565
627
658
640
636
636
659
659
658
627
614
604
636
632
625
670
638
627
637
674
628
670
608
626
642
645
569
632
638
651
549
638
628
646
593
648
668
604
648
620
612
629
626
645
616
624
668
626
647
640
623
588
638
645
609
622
623
653
644
598
618
511
673
629
633
630
602
648
584
650
631
605
619
667
651
672
629
417
622
650
660
507
632
649
652
634
630
657
633
606
621
636
630
625
663
595
627
613
637
624
649
637
641
440
674
613
633
654
644
623
645
646
483
625
648
618
524
645
644
637
359
630
637
649
637
640
642
674
644
553
667
642
650
547
654
645
643
330
621
620
631
605
660
625
630
644
607
646
634
615
634
652
612
645
662
662
638
663
665
624
626
642
646
657
640
607
643
566
636
618
606
610
639
665
633
595
652
653
621
649
338
638
637
651
632
627
634
649
596
645
636
675
683
666
629
578
639
657
625
627
650
626
667
418
665
662
624
645
631
635
581
655
605
645
669
635
648
607
644
634
647
632
633
628
654
638
656
609
643
636
667
622
638
664
626
617
653
643
652
661
651
