2559
2560
2560
2560
2560
2560
2472
2560
2560
2560
2559
2560
2559
2557
2554
2560
2560
2560
2560
2558
2558
2560
2560
2557
2559
2560
2560
2559
2560
2560
2560
2560
2558
2551
2560
2560
2559
2560
2560
2560
2560
2560
2560
2560
2559
2560
2560
2560
2560
2560
2560
2560
2559
2559
2542
2560
2559
2560
2558
2560
2560
2559
2560
2560
2560
2560
2558
2560
2560
2560
2560
2531
2560
2560
2558
2557
2560
2535
2559
2560
2560
2559
2559
2560
2559
2560
2297
2560
2560
2560
2560
2546
2559
2560
2559
2559
2559
2557
2560
2557
2543
2559
2560
2560
2560
2560
2560
2556
2560
2560
2560
2560
2560
2560
2560
2560
2560
2560
2560
2560
2560
2560
2499
2560
2559
2559
2523
2531
2558
2560
2560
2560
2560
2559
2560
2560
2560
2560
2560
2558
2560
2558
2560
2558
2559
2560
2560
2557
2560
2560
2560
2557
2560
2560
2560
2559
2560
2560
2560
2560
2560
2553
2560
2560
2560
2559
2560
2560
2555
2560
2560
2551
2552
2560
2558
2560
2560
2560
2560
2559
2558
2560
2560
2559
2556
2559
2558
2560
2560
2560
2558
2559
2560
2560
2560
2557
2537
2555
2558
2560
2560
2557
2560
2559
2560
2560
2559
2560
2560
2554
2560
2559
2560
2558
2560
2560
2559
2559
2560
2559
2558
2560
2560
2560
2560
2559
2559
2559
2559
2560
2560
2559
2560
2559
2560
2560
2560
2560
2560
2559
2559
2560
2559
2559
2560
2560
2560
2558
2559
2560
2560
2560
2560
2560
2559
2559
2560
2560
2560
2560
2559
2559
2560
2559
2514
2560
2560
2560
2560
2559
2560
2557
2560
2560
2560
2560
2560
2560
2545
2560
2560
2559
2560
2559
2560
2533
2558
2560
2560
2560
2556
2560
2556
2560
2560
2560
2560
2555
2560
2560
2560
2544
2559
2557
2560
2559
2560
2560
2559
2560
2560
2558
2556
2559
2557
2559
2560
2560
2560
2560
2557
2560
2560
2559
2560
2560
2560
2560
2560
2560
2559
2560
2560
2560
2559
2547
2560
2559
2560
2559
2560
2560
2560
2560
2560
2559
2560
2560
2560
2560
2560
2560
2560
2560
2560
2560
2558
2560
2560
2560
2557
2559
2560
2559
2555
2560
2560
2558
2559
2558
2560
2560
2559
2557
2540
2429
2558
2560
2560
2478
2559
2559
2560
2560
2559
2558
2560
2559
2560
2560
2560
2560
2560
2559
2560
2560
2558
2559
2560
2560
2560
2558
2560
2560
2545
2560
2560
2560
2560
2560
2560
2560
2547
2559
2560
2560
2559
2560
2549
2560
2558
2559
2560
2560
2560
2560
2558
2558
2560
2560
2559
2555
2558
2560
2556
2560
2558
2560
2560
2540
2560
2559
2536
2558
2559
2560
2560
2560
2545
2560
2558
2559
2553
2560
2560
2560
2559
2559
2546
2560
2560
2554
2560
2559
2559
2560
2560
2560
2559
2560
2560
2560
2560
2559
2560
2560
2551
2560
2560
2549
2560
2547
2560
2560
2554
2544
2560
2557
2553
2560
2560
2560
2559
2559
2560
2560
2560
2560
2560
2560
2457
2557
2560
2560
2343
2560
2560
2559
2560
2559
2559
2560
2559
2560
2560
2560
2557
2558
2560
2560
2560
2560
2560
2559
2560
2560
2394
2524
2553
2560
2560
2560
2560
2560
2560
2253
2560
2560
2560
2560
2560
2560
2559
2546
2560
2560
2560
2560
2554
2538
2545
2560
2554
2557
2558
2541
2559
2560
2560
2560
2535
2560
2560
2559
2560
2560
2560
2559
2560
2560
2559
2560
2559
2560
2552
2560
2560
2560
2560
2560
2558
2560
2559
2560
2560
2557
2559
2560
2560
2543
2560
2559
2560
2559
2560
2560
2560
2558
2555
2559
2560
2560
2560
2560
2558
2560
2560
2553
2558
2510
2560
2560
2559
2560
2549
2560
2559
2559
2545
2560
2558
2559
2560
2560
2559
2547
2560
2560
2560
2559
2560
2559
2560
2560
2560
2425
2341
2063
2163
1756
1756
2556
2560
2560
2559
2559
2559
2559
2560
2560
2530
2560
2560
2544
2559
2560
2560
2560
2549
2551
2557
2560
2560
2337
2008
2215
2347
2292
2450
2550
2556
2560
2560
2560
2550
2560
2554
2559
2558
2560
2560
2550
2556
2558
2559
2533
2560
2557
2558
2559
2521
2560
2553
2552
2556
2560
2554
2555
2560
2560
2560
2545
2533
2554
2554
2550
2559
2560
2558
2558
2560
2555
2560
2560
2560
2559
2560
2552
2560
2560
2547
2560
2558
2559
2556
2553
2549
2560
2559
2560
2560
2558
2558
2560
2560
2503
2560
2560
2560
2555
2555
2560
2551
2560
2560
2559
2560
2560
2560
2538
2544
2551
2558
2559
2555
2557
2560
2549
2557
2560
2560
2559
2559
2559
2560
2545
2560
2556
2560
2560
2560
2557
2552
2560
2560
2560
2560
2560
2560
2559
2560
2560
2526
2558
2560
2560
2560
2549
2536
2560
2543
2560
2537
2559
2560
2557
2552
2556
2560
2556
