658
630
627
611
690
643
630
627
639
641
663
640
684
638
657
658
662
671
645
629
640
652
625
628
634
640
638
639
623
644
627
653
660
642
637
639
631
652
626
604
651
643
645
649
655
648
614
639
644
603
630
611
622
662
693
651
627
650
650
646
636
634
634
645
664
661
640
649
618
670
676
673
636
662
656
646
636
640
640
649
643
616
695
648
639
656
636
659
618
661
627
653
627
616
634
639
607
648
647
645
658
663
639
640
655
632
643
666
623
682
653
644
649
629
638
629
609
683
623
618
616
691
669
650
612
648
648
636
651
639
639
644
619
616
623
631
636
637
625
634
642
645
636
650
640
632
647
685
605
624
617
630
673
657
659
647
636
667
646
659
653
647
658
636
619
614
616
609
618
670
612
625
645
629
660
654
662
655
637
664
619
624
643
654
650
637
658
647
652
669
640
656
633
665
612
654
614
632
631
705
616
654
646
617
641
625
648
640
668
666
621
673
637
628
632
616
628
685
646
608
639
625
637
657
662
642
639
627
630
628
642
640
633
631
645
614
641
655
663
615
610
668
639
644
633
649
635
644
634
650
679
642
636
626
642
638
655
641
625
655
628
656
620
646
665
610
662
629
653
622
636
615
652
557
578
701
701
654
618
632
643
642
645
632
634
659
648
631
649
627
664
654
640
650
660
657
649
616
635
640
630
642
658
638
672
642
664
650
651
654
627
644
660
616
643
639
658
630
691
660
631
628
653
645
639
640
604
642
635
649
657
643
638
624
629
612
667
625
638
674
628
646
642
651
648
645
631
642
665
633
671
623
649
631
584
660
668
632
639
636
646
634
657
646
621
644
617
647
651
620
637
648
636
634
663
652
663
652
646
634
652
612
624
641
640
638
642
657
626
626
653
644
630
671
643
629
596
627
615
660
652
659
648
624
627
660
630
671
636
643
630
630
649
658
615
624
629
633
656
650
644
648
658
654
651
652
666
614
690
651
602
657
708
677
671
627
646
622
633
654
648
641
648
647
637
642
679
620
637
643
665
688
646
669
674
652
654
658
618
653
651
664
653
663
637
638
618
618
642
629
624
617
649
652
640
630
646
693
655
642
653
635
652
616
643
631
630
648
670
676
643
660
622
648
621
601
661
634
654
636
644
649
628
611
645
646
633
634
643
664
643
684
628
640
580
656
638
631
681
650
650
635
634
623
646
645
643
658
645
615
617
635
651
636
642
632
638
600
652
627
658
662
664
643
631
651
634
638
675
670
657
650
639
644
637
633
637
675
612
638
638
666
653
635
645
637
647
649
636
656
672
654
619
645
659
652
630
648
633
631
681
645
643
666
639
623
666
652
641
637
636
641
653
634
609
663
627
637
650
639
627
666
634
661
663
679
644
650
663
660
639
665
658
627
604
643
625
647
662
654
666
603
660
624
652
646
638
627
641
613
629
682
618
643
655
638
630
630
627
636
621
649
622
621
660
663
633
615
646
653
636
652
626
638
638
631
646
643
654
660
625
653
609
627
656
645
671
627
643
674
626
642
638
655
619
678
657
638
641
638
671
652
621
627
613
644
644
608
665
635
657
649
637
634
645
620
613
645
610
635
644
677
615
639
610
596
602
628
660
661
608
610
656
659
671
648
642
617
649
627
618
631
668
650
652
632
634
667
616
637
594
656
638
653
584
600
673
623
615
638
650
625
649
653
628
638
655
625
628
662
635
669
653
630
658
630
623
657
659
635
621
639
631
670
644
628
629
657
616
635
650
649
669
673
596
680
653
636
649
650
646
633
631
639
620
666
627
652
649
670
672
662
651
649
653
655
669
658
651
661
