1248
1263
1271
1263
1279
1258
1290
1266
1267
1242
1213
1272
1270
1244
1255
1264
1278
1255
1261
1248
1176
1270
1252
1266
1265
1178
967
1268
1259
1153
1273
1244
1278
1251
1251
1224
1274
1246
1283
1252
1106
963
1272
1278
1246
1090
1181
1202
1234
1269
1268
1065
1268
1248
1259
1255
1271
1100
1265
1272
1279
1258
1265
1242
1285
1262
1241
1252
1256
1261
1238
1254
1127
1216
1118
1254
1250
1250
1258
1258
1162
1253
1281
1265
1269
915
1012
1153
627
763
573
336
16
14
295
14
10
14
219
14
13
227
30
15
40
23
21
15
37
73
22
17
26
55
81
15
269
17
18
23
15
27
19
24
29
236
284
18
16
332
15
65
203
24
29
20
42
166
345
26
18
99
24
462
874
26
15
50
485
20
24
48
314
131
345
661
128
35
17
485
1254
1127
1000
1063
1256
1245
1243
1251
1270
1217
1264
1257
1260
1216
1262
1259
1188
1237
1268
1270
1255
1135
1290
1280
1251
1262
1254
1279
1253
1246
1254
1284
1278
1048
1265
1241
1224
1265
1258
1249
1081
1261
1261
1260
1286
1260
1172
1273
1257
1269
1255
1262
1247
1253
1255
1223
1114
1163
1238
1231
1253
1259
1250
1252
1248
1275
1255
1251
1256
949
186
41
16
22
43
19
12
16
14
18
14
24
27
67
17
13
16
17
28
22
13
13
17
18
244
22
28
38
53
17
119
445
16
12
18
15
19
15
60
21
43
322
16
16
61
796
1035
1262
1225
1252
1241
1224
1262
1276
1251
1252
1174
1271
1253
1251
1253
1217
1268
1279
1267
1266
1257
1255
1273
1258
1261
1262
1276
1193
1286
1255
1270
1293
1252
1269
1270
1248
1262
1240
1265
1264
1266
1269
973
880
1236
1258
1253
1252
1252
1171
546
13
16
13
23
13
12
15
22
16
14
10
21
13
19
15
52
16
23
17
10
17
113
163
13
22
13
288
501
18
18
87
177
18
21
42
300
401
207
17
19
55
24
25
20
20
23
57
14
17
124
510
678
448
325
594
1294
1250
1230
1253
1270
1265
1274
1240
1230
1278
1273
1287
1251
1228
1275
1268
1272
1270
1282
1255
1258
1273
1258
1265
1245
1257
1232
1258
1213
1265
1256
1257
1255
961
515
250
538
686
17
10
16
34
16
19
21
32
11
14
16
14
23
17
29
11
356
317
16
155
25
18
23
259
16
48
306
18
20
141
81
37
14
25
57
21
9
17
24
18
15
11
72
21
16
33
19
20
80
11
10
12
15
12
13
13
15
10
9
12
9
13
20
11
13
13
18
12
11
13
13
16
16
15
15
11
23
12
14
20
13
13
12
12
12
19
132
947
926
1262
1016
689
1268
1220
1010
490
1255
1138
514
985
401
13
22
13
15
16
14
11
13
14
14
13
12
13
10
11
10
17
15
16
12
11
21
11
9
13
14
17
16
12
18
17
21
18
15
18
15
17
21
19
145
21
22
11
21
14
268
17
13
21
20
21
19
10
12
24
15
134
9
16
28
392
807
834
1264
1095
1240
1279
1252
818
1276
1257
1259
1286
1248
1180
1247
1244
1269
1254
1174
628
929
1253
1271
909
1206
1218
813
1245
1259
1248
722
876
1239
978
1137
1244
1133
789
908
1063
919
813
730
11
11
12
14
12
14
12
11
9
14
16
14
14
13
12
11
11
14
14
14
14
10
12
14
13
11
14
11
10
11
15
13
12
13
13
12
13
15
13
12
11
20
15
13
10
19
14
21
27
37
22
13
17
251
882
1167
1071
1151
1253
1266
1244
1254
1259
1123
1271
1256
1257
1273
1247
949
1255
1258
1258
1276
915
392
15
14
12
14
11
14
15
12
15
9
12
13
12
14
12
13
15
11
11
12
11
17
9
12
11
13
12
10
11
12
19
86
15
9
17
25
16
12
12
14
7
13
13
14
14
14
11
10
22
39
18
20
13
41
17
18
18
263
283
19
11
12
10
13
91
468
886
275
134
680
807
341
696
451
574
764
940
1284
1217
1143
1226
1256
1048
1132
1183
1253
1222
1253
1267
1187
804
1277
1196
1174
1222
1273
1007
1112
1243
