930
301
1006
251
7
940
545
363
991
888
277
409
152
453
472
18
932
779
145
247
357
736
793
53
426
565
841
389
647
241
702
373
564
893
950
693
988
509
990
448
560
586
106
516
65
558
899
109
350
444
953
983
458
445
383
262
506
33
97
4
723
138
614
297
116
943
14
192
15
989
69
317
815
1004
0
373
249
658
27
103
3
547
987
982
272
49
811
36
90
977
770
977
835
805
997
419
60
951
358
924
16
175
992
92
861
489
949
28
29
815
1005
1001
616
518
583
472
257
168
27
72
980
729
147
927
52
367
575
501
724
4
984
37
0
136
594
615
497
873
984
990
974
975
219
977
572
830
236
0
822
247
991
24
126
14
168
901
58
8
91
986
890
667
674
379
373
53
218
91
976
0
944
804
3
87
118
274
528
737
280
469
305
535
952
766
965
675
9
300
805
947
703
416
545
200
852
603
290
766
79
288
725
608
981
944
930
941
678
996
25
648
119
986
93
250
485
940
980
607
409
627
712
85
592
897
800
671
26
996
82
173
732
589
999
561
76
843
170
1004
942
997
926
145
884
485
932
971
273
957
647
246
0
692
892
385
307
280
432
23
329
993
421
182
106
558
628
425
191
890
667
1006
70
62
73
139
930
516
644
154
638
22
211
769
382
489
356
91
251
617
336
781
0
815
602
671
895
472
1001
931
882
601
380
1
453
439
207
997
364
973
241
991
778
909
774
635
65
301
166
398
1000
993
974
35
636
919
0
12
97
989
210
1008
982
276
926
698
37
49
104
3
567
972
98
800
376
897
14
28
702
975
545
85
36
939
1000
614
792
980
937
32
204
154
738
294
337
298
632
85
194
993
172
424
414
994
378
202
193
750
255
9
850
421
11
119
906
416
847
22
898
471
901
423
97
986
998
942
754
456
633
46
902
350
138
689
180
966
422
467
958
996
516
723
92
485
274
518
29
378
994
899
172
61
798
356
993
267
448
412
570
745
802
611
921
752
161
56
973
33
1002
709
932
979
18
483
20
188
187
755
344
15
839
72
138
949
974
993
487
243
0
252
445
821
366
915
464
894
843
303
583
823
374
350
990
995
983
973
959
971
314
567
140
26
726
960
199
66
986
301
980
278
160
717
171
325
880
9
330
533
860
243
25
796
59
998
888
412
654
207
971
258
169
920
1015
834
601
960
931
602
293
807
480
893
303
105
437
113
943
580
997
8
945
865
150
264
2
922
789
15
985
936
29
473
343
752
978
198
68
803
981
39
94
508
796
425
58
23
813
954
734
723
189
781
680
938
938
727
287
224
191
529
210
985
269
675
55
499
983
358
926
0
982
867
981
339
438
557
814
116
585
517
519
975
981
952
697
186
45
692
54
625
268
8
469
21
910
986
985
7
469
489
686
974
355
41
730
986
705
341
152
988
258
951
712
297
17
356
699
23
300
24
994
614
111
541
988
149
0
10
16
541
9
589
984
974
1
960
215
974
20
22
755
954
141
956
531
981
990
908
933
678
926
726
995
15
167
983
7
919
839
445
1009
1004
0
675
724
24
990
141
629
330
847
899
536
15
415
971
973
947
11
121
99
78
5
949
108
933
220
716
206
26
874
200
0
82
37
674
630
971
0
53
185
92
117
620
343
311
197
982
777
274
943
559
995
49
41
81
992
930
971
934
34
275
350
990
20
967
561
623
80
727
335
107
98
1042
926
992
588
189
289
816
115
989
991
335
854
118
560
297
990
970
310
326
976
983
843
260
900
934
97
1001
1000
248
840
80
846
994
633
990
986
11
17
295
13
559
629
955
4
520
997
539
568
504
953
971
109
304
527
999
37
847
920
368
