1915
2560
2559
2558
2559
2560
2559
2556
2559
2559
2560
2560
2558
2558
2560
2560
2560
2547
2560
2560
2560
2551
2558
2559
2559
2560
2560
2560
2560
2560
2560
2560
2560
2560
2502
2559
2557
2560
2559
2560
2560
2560
2560
2560
2560
2559
2559
2560
2560
2560
2560
2559
2559
2559
2559
2560
2559
2560
2557
2560
2560
2560
2560
2560
2560
2559
2559
2559
2560
2560
2560
2560
2560
2560
2560
2559
2560
2560
2558
2559
2559
2560
2559
2560
2560
2560
2557
2559
2560
2560
2560
2560
2560
2560
2560
2560
2560
2560
2542
2559
2560
2560
2560
2560
2560
2559
2560
2560
2557
2559
2560
2560
2560
2560
2559
2560
2559
2560
2560
2560
2560
2556
2560
2552
2560
2560
2560
2560
2560
2559
2545
2560
2560
2560
2560
2560
2560
2559
2560
2560
2560
2560
2559
2560
2559
2560
2560
2560
2560
2557
2560
2558
2560
2560
2560
2560
2531
2559
2559
2558
2559
2560
2560
2556
2560
2560
2560
2559
2560
2551
2560
2541
2559
2560
2560
2560
2556
2560
2549
2559
2560
2560
2533
2560
2552
2560
2559
2560
2560
2560
2560
2560
2519
2443
2560
2560
2560
2560
2559
2560
2560
2560
2560
2560
2477
2560
2559
2560
2559
2555
2559
2560
2560
2560
2560
2560
2558
2560
2559
2558
2555
2557
2558
2560
2560
2560
2560
2560
2559
2559
2560
2559
2560
2544
2560
2558
2559
2560
2550
2559
2560
2560
2560
2560
2560
2548
2558
2307
2560
2560
2560
2558
2560
2559
2558
2560
2560
2559
2559
2560
2559
2560
2560
2560
2560
2560
2558
2560
2558
2560
2560
2560
2560
2560
2560
2560
2558
2409
2560
2560
2560
2558
2560
2560
2557
2559
2560
2560
2559
2560
2558
2560
2560
2560
2560
2560
2560
2560
2559
2560
2560
2560
2560
2560
2544
2560
2560
2559
2560
2560
2560
2559
2560
2559
2559
2560
2559
2560
2558
2559
2490
2559
2560
2560
2560
2560
2559
2560
2560
2560
2560
2560
2560
2559
2559
2560
2560
2545
2560
2559
2560
2560
2560
2559
2560
2560
2552
2560
2560
2560
2541
2560
2560
2559
2560
2560
2560
2556
2560
2555
2560
2560
2560
2560
2560
2559
2560
2560
2560
2559
2560
2560
2560
2560
2560
2559
2557
2559
2560
2559
2559
2560
2559
2560
2560
2559
2560
2560
2559
2559
2560
2559
2535
2560
2560
2560
2560
2560
2558
2560
2560
2559
2560
2560
2559
2560
2559
2560
2557
2559
2560
2560
2559
2559
2560
2560
2560
2560
2560
2560
2559
2560
2560
2560
2560
2559
2560
2560
2560
2559
2553
2560
2560
2560
2560
2560
2560
2560
2560
2560
2557
2542
2560
2560
2558
2559
2559
2559
2560
2560
2560
2560
2560
2559
2559
2559
2560
2560
2560
2553
2558
2560
2560
2559
2557
2559
2560
2560
2559
2559
2558
2560
2558
2560
2560
2560
2559
2560
2560
2550
2560
2560
2559
2560
2560
2559
2560
2560
2559
2558
2560
2560
2560
2560
2560
2559
2560
2560
2560
2560
2560
2560
2560
2560
2555
2560
2560
2560
2558
2559
2559
2557
2560
2560
2560
2560
2560
2560
2560
2560
2560
2559
2559
2560
2560
2551
2560
2560
2553
2559
2560
2560
2558
2560
2559
2559
2560
2560
2543
2545
2536
2559
2560
2560
2560
2560
2506
2560
2560
2559
2560
2559
2560
2559
2554
2556
2559
2560
2560
2560
2560
2560
2552
2560
2560
2560
2560
2560
2559
2560
2558
2560
2559
2560
2559
2560
2560
2560
2560
2560
2560
2560
2560
2559
2560
2560
2560
2560
2560
2560
2560
2545
2560
2557
2559
2555
2560
2558
2559
2560
2560
2558
2560
2557
2560
2558
2557
2560
2560
2560
2560
2560
2559
2558
2560
2560
2560
2560
2560
2560
2560
2558
2559
2555
2560
2560
2560
2559
2560
2560
2560
2559
2560
2560
2560
2560
2472
2560
2557
2560
2559
2560
2558
2560
2559
2559
2560
2558
2545
2560
2560
2560
2560
2559
2559
2559
2560
2560
2560
2558
2559
2560
2474
2560
2560
2551
2560
2559
2560
2560
2560
2558
2560
2559
2558
2560
2559
2559
2560
2421
2560
2559
2560
2552
2560
2559
2560
2560
2560
2559
2560
2560
2540
2560
2559
2560
2522
2560
2559
2559
2559
2559
2560
2559
2560
2559
2559
2560
2560
2559
2560
2560
2560
2559
2540
2560
2559
2559
2560
2559
2560
2550
2560
2560
2557
2560
2550
2559
2560
2560
2559
2560
2560
2560
2560
2560
2560
2560
2559
2381
2558
2560
2559
2560
2560
2560
2560
2559
2559
2558
2560
2560
2560
2559
2560
2543
2560
2560
2559
2560
2557
2560
2390
2560
2560
2560
2560
2560
2560
2559
2560
2560
2560
2560
2558
2558
2560
2559
2560
2560
2560
2559
2560
2560
2559
2560
2560
2559
2540
2560
2554
2560
2559
2559
2560
2558
2560
2560
2559
2560
