1500
1531
1426
1347
1415
1470
1474
1481
1536
1484
1464
1414
1427
1617
1595
1528
1546
1463
1530
1484
1601
1591
1575
1622
1514
1496
1503
1488
1476
1471
1433
1570
1488
1410
1421
1427
1425
1427
1520
1525
1435
1396
1405
1447
1491
1444
1433
1421
1369
1354
1356
1401
1491
1517
1470
1467
1472
1468
1491
1368
1487
1543
1530
1499
1492
1475
1598
1458
1413
1487
1421
1568
1539
1482
1615
1598
1552
1541
1609
1651
1684
1657
1566
1626
1666
1661
1665
1763
1737
1659
1576
1606
1580
1541
1509
1513
1666
1554
1416
1495
1565
1589
1617
1609
1621
1539
1454
1474
1504
1530
1526
1419
1427
1426
1425
1409
1428
1424
1433
1425
1414
1481
1418
1348
1352
1360
1344
1355
1362
1400
1360
1344
1367
1377
1364
1364
1355
1378
1360
1361
1373
1444
1388
1399
1462
1496
1507
1552
1551
1512
1500
1448
1415
1572
1540
1623
1498
1613
1599
1556
1553
1534
1567
1584
1470
1545
1555
1531
1442
1393
1370
1418
1404
1346
1354
1298
1219
1359
1343
1343
1356
1335
1349
1334
1353
1292
1354
1316
1324
1345
1285
1352
1356
1334
1357
1341
1339
1354
1350
1349
1355
1357
1348
1340
1344
1288
1222
1213
1225
1286
1290
1325
1356
1338
1347
1298
1352
1355
1355
1298
1300
1293
1298
1306
1300
1334
1284
1296
1291
1306
1271
1331
1302
1284
1278
1282
1282
1299
1285
1339
1271
1232
1294
1280
1302
1305
1287
1283
1294
1291
1285
1313
1306
1282
1295
1227
1226
1289
1227
1224
1230
1246
1217
1229
1242
1241
1246
1242
1231
1239
1232
1239
1229
1238
1232
1227
1212
1217
1217
1234
1224
1221
1224
1244
1238
1235
1239
1241
1233
1287
1182
1164
1165
1164
1165
1176
1176
1157
1176
1173
1169
1174
1166
1175
1165
1194
1174
1175
1168
1186
1164
1166
1220
1178
1165
1158
1177
1181
1174
1177
1157
1168
1174
1180
1178
1174
1176
1182
1173
1160
1171
1184
1196
1169
1185
1172
1173
1153
1185
1176
1159
1174
1183
1177
1160
1167
1186
1187
1171
1163
1187
1180
1182
1163
1159
1166
1182
1188
1175
1180
1204
1179
1168
1181
1160
1169
1183
1184
1186
1171
1167
1171
1184
1171
1181
1164
1175
1180
1181
1173
1182
1178
1170
1176
1180
1180
1165
1177
1170
1169
1188
1179
1181
1190
1184
1238
1244
1241
1237
1240
1234
1249
1226
1234
1244
1231
1244
1249
1232
1221
1240
1234
1240
1232
1234
1232
1248
1241
1222
1229
1233
1239
1224
1249
1218
1235
1240
1251
1224
1246
1240
1237
1234
1240
1245
1225
1248
1237
1235
1252
1228
1244
1252
1247
1238
1241
1244
1246
1236
1252
1246
1242
1243
1248
1247
1237
1237
1244
1234
1236
1240
1238
1247
1226
1239
1246
1238
1245
1237
1229
1234
1240
1245
1239
1238
1242
1229
1223
1233
1234
1221
1248
1232
1231
1242
1245
1221
1243
1212
1241
1244
1223
1233
1237
1246
1239
1226
1237
1247
1228
1223
1223
1254
1232
1243
1227
1248
1232
1231
1234
1237
1234
1209
1246
1240
1232
1228
1247
1219
1239
1248
1245
1235
1247
1231
1240
1245
1250
1224
1219
1233
1239
1238
1244
1249
1252
1222
1244
1243
1227
1244
1223
1226
1240
1242
1234
1244
1248
1246
1226
1235
1220
1221
1245
1246
1236
1236
1235
1231
1238
1248
1238
1167
1187
1177
1180
1165
1171
1160
1179
1188
1182
1179
1161
1190
1181
1174
1181
1174
1188
1175
1155
1176
1198
1168
1188
1167
1179
1181
1173
1159
1185
1168
1178
1188
1189
1179
1174
1193
1174
1189
1182
1166
1171
1176
1190
1182
1178
1162
1172
1182
1186
1168
1171
1178
1169
1174
1172
1181
1179
1184
1181
1170
1182
1183
1184
1162
1160
1174
1195
1190
1171
1176
1166
1166
1179
1184
1167
1163
1189
1171
1173
1180
1175
1244
1227
1239
1238
1237
1230
1241
1221
1239
1239
1235
1226
1239
1230
1234
1238
1242
1231
1230
1245
1232
1247
1221
1248
1234
1251
1234
1226
1246
1215
1220
1239
1246
1229
1230
1233
1242
1236
1233
1224
1223
1241
1229
1236
1233
1238
1227
1250
1232
1252
1248
1240
1233
1253
1226
1232
1231
1237
1235
1222
1230
1234
1248
1240
1238
1220
1241
1247
1226
1238
1235
1242
1230
1242
1239
1256
1233
1228
1230
1234
1228
1238
1244
1231
1247
1231
1247
1243
1243
1171
1163
1174
1162
1173
1169
1174
1174
1171
1175
1159
1159
1179
1158
1184
1165
1165
1179
1173
1156
1176
1183
1181
1165
1170
1180
1152
1168
1163
1160
1173
1165
1161
1169
1173
1158
1170
1155
1173
1185
1167
1162
1187
1168
1162
1160
1171
1181
1168
1160
1164
1170
1176
1159
1182
1179
1163
1173
1158
1164
1166
1170
1170
1162
1169
1163
1173
