2410
2391
2330
2441
2377
2323
2416
2348
2372
2381
2399
2328
2425
2419
2407
2410
2409
2417
2417
2437
2443
2462
2503
2420
2485
2377
2414
2455
2422
2460
2356
2421
2436
2340
2351
2456
2421
2376
2309
2346
2334
2371
2475
2385
2382
2367
2303
2425
2468
2342
2476
2429
2407
2431
2407
2474
2418
2412
2415
2396
2411
2334
2379
2407
2487
2385
2320
2367
2355
2426
2236
2425
2479
2403
2379
2428
2382
2421
2426
2394
2367
2335
2313
2343
2316
2434
2341
2395
2409
2420
2367
2405
2414
2416
2432
2423
2398
2339
2370
2429
2438
2422
2378
2360
2366
2413
2409
2373
2368
2447
2382
2407
2436
2320
2364
2361
2448
2433
2426
2367
2389
2460
2433
2417
2434
2468
2497
2425
2423
2511
2509
2495
2523
2449
2513
2499
2538
2529
2531
2513
2469
2492
2520
2500
2517
2528
2519
2508
2511
2520
2512
2529
2455
2448
2524
2512
2533
2509
2461
2527
2538
2532
2521
2535
2483
2528
2535
2519
2508
2519
2516
2487
2517
2484
2521
2506
2527
2518
2514
2492
2538
2489
2518
2498
2519
2520
2462
2512
2468
2465
2518
2491
2443
2530
2530
2522
2497
2509
2525
2523
2521
2514
2510
2523
2535
2524
2504
2515
2534
2524
2521
2526
2536
2541
2537
2472
2527
2534
2527
2529
2532
2516
2521
2522
2526
2518
2532
2520
2504
2482
2529
2524
2517
2529
2529
2522
2531
2528
2525
2535
2530
2524
2513
2492
2496
2529
2492
2467
2456
2512
2457
2460
2446
2427
2385
2366
2308
2373
2240
2307
2310
2409
2330
2298
2346
2307
2419
2344
2294
2336
2376
2436
2440
2472
2328
2265
2302
2305
2429
2352
2262
2291
2460
2350
2300
2425
2375
2417
2360
2373
2362
2347
2416
2369
2362
2370
2407
2486
2401
2445
2410
2430
2394
2367
2369
2418
2370
2343
2355
2316
2376
2330
2361
2379
2478
2384
2423
2414
2475
2425
2359
2399
2443
2451
2433
2426
2493
2348
2351
2412
2315
2420
2317
2333
2392
2323
2393
2396
2444
2404
2433
2413
2354
2331
2416
2408
2453
2414
2372
2423
2385
2228
2359
2274
2305
2352
2411
2371
2375
2343
2392
2333
2300
2271
2400
2330
2278
2381
2343
2390
2384
2338
2357
2344
2279
2265
2297
2252
2390
2299
2249
2365
2432
2336
2280
2315
2444
2258
2313
2295
2353
2354
2246
2291
2416
2471
2358
2353
2460
2340
2399
2436
2394
2438
2352
2389
2295
2448
2309
2434
2263
2431
2476
2344
2427
2351
2417
2350
2355
2470
2418
2402
2386
2328
2358
2406
2377
2307
2374
2439
2314
2477
2454
2493
2415
2315
2366
2358
2407
2361
2356
2374
2385
2454
2407
2350
2344
2387
2337
2376
2412
2390
2411
2434
2350
2354
2369
2360
2367
2389
2346
2405
2409
2286
2420
2410
2359
2369
2414
2297
2373
2303
2385
2434
2372
2404
2351
2298
2336
2357
2368
2349
2260
2282
2306
2377
2343
2395
2350
2416
2247
2413
2429
2336
2258
2323
2351
2346
2255
2378
2350
2326
2360
2282
2253
2364
2371
2263
2425
2432
2320
2410
2358
2374
2289
2358
2307
2306
2421
2382
2366
2403
2415
2404
2308
2351
2458
2308
2363
2281
2356
2309
2325
2363
2320
2367
2472
2287
2363
2326
2399
2301
2301
2290
2276
2439
2390
2348
2317
2360
2348
2271
2365
2361
2419
2399
2397
2365
2352
2358
2259
2354
2336
2296
2403
2391
2311
2385
2374
2352
2346
2362
2356
2371
2258
2351
2235
2348
2332
2259
2352
2331
2391
2324
2335
2418
2356
2376
2378
2424
2403
2305
2434
2384
2340
2275
2318
2349
2355
2465
2415
2363
2289
2417
2348
2346
2314
2350
2291
2341
2360
2437
2301
2240
2366
2356
2328
2277
2273
2409
2342
2392
2385
2350
2361
2385
2297
2371
2366
2288
2355
2405
2320
2296
2341
2299
2347
2306
2368
2364
2331
2357
2351
2316
2321
2285
2280
2407
2359
2429
2260
2277
2267
2356
2405
2306
2355
2413
2303
2365
2377
2355
2345
2412
2380
2381
2358
2335
2291
2357
2264
2301
2334
2318
2246
2246
2331
2329
2484
2390
2414
2347
2413
2419
2353
2279
2307
2415
2324
2428
2357
2295
2354
2338
2302
2399
2407
2424
2423
2344
2474
2404
2432
2375
2365
2367
2322
2361
2434
2352
2252
2227
2301
2331
2321
2368
2338
2324
2367
2286
2309
2311
2347
2319
2348
2313
2353
2301
2355
2422
2376
2265
2353
2322
2403
2416
2398
2425
2314
2352
2407
2296
2362
2309
2352
2369
2365
2289
2411
2399
2444
2359
2481
2398
2331
2371
2393
2268
2260
2338
2357
2358
2291
2330
2294
2301
2343
2344
2353
2329
2293
2361
2355
2358
2342
2384
2177
2354
2404
2377
2347
2414
2349
2361
2421
2298
2325
2302
2423
2400
2424
2391
2365
2335
2375
2361
2363
2400
2371
2407
