942
17
557
91
101
617
946
970
306
875
379
483
787
819
49
998
338
5
948
332
42
304
347
885
653
57
15
774
209
29
49
179
103
946
817
124
554
272
0
9
911
391
986
859
937
997
286
575
989
798
385
318
317
969
349
152
923
609
799
256
507
992
20
950
573
489
979
13
993
300
726
772
432
127
342
996
313
584
983
824
1002
50
696
425
885
989
665
443
97
28
229
95
698
467
129
563
216
448
773
557
794
425
776
989
232
78
766
458
455
928
57
0
303
559
723
179
801
774
995
994
46
16
0
686
237
882
987
0
986
329
64
928
0
947
366
745
40
728
96
240
452
374
29
788
926
184
0
0
12
95
874
309
65
352
385
60
988
296
173
1
363
254
267
935
533
998
5
971
389
299
813
32
262
210
1
25
978
541
445
502
176
798
949
926
512
45
871
508
909
314
446
49
1005
735
723
154
908
370
816
306
848
738
127
175
829
491
68
441
352
501
0
742
989
965
913
364
903
994
928
495
925
978
33
263
234
87
985
392
876
797
239
660
348
613
985
73
990
209
131
289
815
118
399
951
238
85
991
158
936
982
926
73
975
962
37
37
52
951
906
157
632
587
979
978
35
42
853
963
381
18
88
57
294
955
380
691
534
87
0
320
945
164
973
33
527
983
536
952
953
324
55
991
174
488
706
903
37
690
919
525
10
975
55
81
999
82
148
41
565
4
398
635
621
690
23
874
986
845
9
0
394
997
32
258
0
1002
28
179
978
193
437
1014
809
355
954
1017
822
163
603
126
571
1
918
542
321
45
9
98
157
162
0
166
514
295
46
57
895
978
43
36
640
497
714
120
900
991
412
249
29
864
965
23
65
485
690
61
961
997
250
333
979
953
293
968
427
10
634
758
765
952
1001
672
685
542
686
299
575
288
585
839
530
943
688
0
947
626
872
0
27
118
990
984
797
28
962
466
600
175
39
815
445
267
885
946
914
976
5
50
231
995
272
984
537
568
321
613
0
187
817
694
971
108
959
906
818
975
752
109
994
944
988
668
15
34
176
718
177
982
748
86
439
916
614
88
153
758
566
34
22
980
668
934
89
444
238
578
331
885
718
982
248
198
20
971
417
777
174
826
711
452
978
988
421
518
766
966
396
6
651
43
665
145
762
290
969
260
70
50
1013
435
89
484
250
565
673
9
47
493
56
123
6
879
298
102
342
992
18
584
770
472
993
569
987
55
544
981
795
451
739
51
262
914
14
682
961
321
115
102
33
164
1018
778
129
1037
819
218
305
982
829
196
115
638
638
338
84
98
974
982
276
181
2
190
706
954
435
554
334
200
611
488
576
75
249
302
545
439
54
477
306
313
4
170
862
784
369
532
925
338
770
705
818
323
959
6
0
983
85
967
974
292
975
983
221
238
871
793
8
18
500
1007
334
589
55
889
971
14
901
346
406
72
497
64
316
999
995
983
987
81
939
961
236
313
687
186
992
536
653
430
947
981
188
396
487
553
186
435
704
908
303
876
85
745
962
238
745
882
373
12
504
105
974
911
968
34
401
498
52
283
999
790
340
989
33
888
381
468
606
986
741
976
969
160
2
288
986
310
455
200
998
993
887
10
976
49
80
631
2
360
298
984
265
59
292
161
622
8
990
982
33
35
5
5
0
86
6
26
3
499
568
822
906
37
798
7
408
24
982
351
948
871
871
0
42
154
7
996
564
458
822
691
737
984
137
541
157
1003
870
579
67
956
470
572
554
676
639
971
12
788
857
5
24
537
985
86
858
125
457
154
500
561
257
395
383
184
142
973
444
91
292
657
435
16
947
15
100
244
589
565
287
652
