613
635
661
646
601
659
644
629
625
629
630
641
632
652
643
654
627
639
682
635
663
650
658
626
625
679
637
672
644
645
659
638
582
650
611
669
657
648
635
654
629
650
615
650
633
651
636
622
643
650
676
649
665
643
632
629
625
658
662
593
602
665
668
640
624
636
642
666
676
651
632
648
645
614
645
663
642
618
616
638
620
663
644
632
696
598
647
653
640
629
648
617
668
626
654
641
675
631
658
624
635
638
670
637
634
650
618
638
679
608
673
632
641
640
656
665
644
653
618
639
676
630
659
600
635
648
658
678
649
671
644
652
659
675
660
642
634
641
655
654
645
659
624
637
619
656
615
613
640
652
644
614
651
637
626
666
665
637
654
638
628
630
615
629
675
637
629
645
644
640
670
660
631
656
641
640
626
626
615
632
655
642
644
666
654
651
642
642
651
617
664
656
621
654
654
633
623
633
643
619
661
614
622
623
641
645
642
636
615
650
627
622
623
622
652
671
668
630
644
632
590
656
621
633
640
640
637
639
634
671
653
628
670
658
643
632
649
652
638
683
637
633
660
634
623
630
626
626
679
631
644
643
608
631
656
643
627
621
652
632
618
667
661
643
648
670
605
654
655
652
669
642
622
746
689
613
613
628
650
652
654
634
677
646
650
611
637
660
627
649
610
625
663
627
641
643
679
668
639
610
631
618
628
659
600
660
630
621
623
640
664
645
624
640
664
654
643
658
621
651
646
630
644
647
637
668
628
666
659
662
647
635
665
658
651
655
622
631
624
623
627
628
658
616
620
597
681
628
636
680
653
666
662
688
671
658
632
635
626
641
624
669
629
667
648
666
679
632
667
675
660
653
621
661
621
651
622
626
625
638
613
595
639
657
639
637
625
621
649
657
624
621
651
618
629
658
647
662
655
642
640
625
658
616
662
631
632
617
636
663
692
640
622
667
636
652
656
665
642
646
653
651
618
664
652
632
639
649
621
624
639
650
636
628
650
627
645
617
651
632
675
625
646
644
660
635
640
669
626
636
614
624
597
644
655
629
628
662
653
637
621
668
647
623
633
668
651
648
642
649
663
668
648
653
648
658
651
632
603
634
652
676
646
652
630
636
661
640
638
642
641
621
646
646
688
651
614
603
621
659
653
651
656
646
651
643
648
639
641
604
674
620
657
634
662
672
640
640
612
655
636
644
658
642
639
651
605
623
653
647
636
621
617
636
643
620
669
643
633
622
633
615
651
645
614
641
644
680
604
651
664
636
633
681
643
647
637
622
627
649
612
653
612
652
657
647
617
647
643
647
630
633
663
643
645
651
644
650
652
656
622
649
642
653
656
646
667
641
665
643
651
658
643
623
658
660
663
648
630
674
642
631
631
646
625
671
685
669
637
627
653
624
649
644
655
659
641
660
648
611
665
671
622
651
625
641
644
651
630
640
616
636
638
668
636
607
652
652
662
652
634
645
650
641
671
644
634
656
641
644
646
614
621
639
615
675
649
645
630
656
670
655
660
647
617
644
647
623
645
632
669
669
631
610
627
632
601
668
631
633
617
637
596
701
655
668
671
642
627
643
631
644
647
629
642
624
680
627
643
684
633
644
633
657
642
656
680
630
641
628
639
681
646
633
615
648
630
658
638
655
637
642
627
637
628
664
660
627
657
629
650
633
654
618
680
649
633
622
653
672
640
647
611
616
607
665
636
658
620
607
634
621
648
638
654
659
652
644
651
680
653
657
622
657
655
622
626
618
633
639
619
603
618
665
646
634
658
653
664
648
697
641
667
640
647
647
642
634
651
630
617
628
643
641
664
606
637
636
665
615
