14
15
12
18
14
21
15
21
23
12
17
13
17
17
17
11
87
46
17
22
38
15
22
15
83
143
153
22
15
20
16
26
16
15
19
30
264
27
16
13
21
248
100
21
16
27
320
282
21
13
25
262
353
26
24
17
18
17
25
13
68
17
13
24
171
107
669
378
298
194
332
1012
410
1262
1267
1265
1086
1235
1166
1232
915
1272
1243
853
159
346
1085
1259
1244
1116
401
510
1277
1242
1213
943
823
1247
1011
1125
1212
1014
672
1272
784
489
1222
1263
1169
978
501
202
580
45
26
260
21
20
22
27
13
16
242
502
24
31
13
185
516
57
27
15
76
244
10
20
34
32
91
23
29
23
20
50
22
71
21
79
31
27
27
28
125
18
28
185
96
29
22
20
174
495
847
1056
1035
1282
1272
1271
1275
1264
1250
1264
1254
1206
1240
1260
1259
1246
1273
1277
1212
1264
1270
1056
1244
1131
1262
1251
1267
1284
1275
1239
1257
1266
1252
1277
1259
1220
978
1272
1234
1176
833
1250
1239
1051
1163
1272
1249
1263
1241
1270
849
1271
1264
1063
985
1230
908
1228
1236
818
205
214
82
82
10
14
18
32
24
20
25
12
15
17
152
18
19
58
11
28
39
22
29
14
90
106
25
14
21
23
10
65
29
23
21
22
97
24
17
17
40
183
194
17
26
23
22
20
168
1063
1253
1230
1271
1277
1265
1270
1248
1084
1268
1275
1274
1281
1221
1264
1261
1265
1260
1280
1257
1262
1252
1265
1220
1138
1260
1266
1026
1136
1260
1253
1263
1197
1132
1251
1273
1251
1199
1246
1207
1262
1257
1190
1262
1277
1255
1157
802
377
30
123
8
10
16
20
8
11
11
15
12
16
17
9
15
28
46
116
18
19
24
28
14
17
29
23
13
16
12
40
26
15
192
640
279
608
1259
1258
1207
1255
1259
1159
1265
1267
1275
1239
1252
1253
1160
1267
1287
1229
1268
1264
1257
1256
1263
1272
1202
1259
1268
1262
1068
1245
1267
1272
693
17
17
65
129
16
12
18
28
15
18
10
21
13
11
13
17
19
28
15
19
30
19
12
91
9
14
19
29
13
22
24
35
26
21
21
101
515
474
787
612
1256
1239
1279
1272
1269
1267
1280
1266
1250
1286
1264
1253
1260
1244
1254
1244
1252
1253
1261
1263
1279
1284
1269
1237
1255
1266
1256
949
452
594
582
64
12
14
14
13
14
16
452
191
194
17
23
100
16
18
372
847
965
1267
1263
1275
1277
1279
1286
1272
1250
1270
1267
1283
1254
1263
1261
1263
1260
1281
1271
1275
1258
1265
1247
1245
1263
1274
1270
1279
1262
1253
1273
1272
1240
1247
1269
1268
1282
1227
1265
1264
1284
1173
1240
1253
1268
1242
1261
1255
1249
1266
1273
1277
1198
857
341
896
861
548
515
197
18
21
72
205
16
59
221
277
47
337
125
15
25
120
867
418
55
427
922
712
436
990
1228
1247
1253
1264
1227
1265
1274
1274
1265
1267
1265
1268
1262
1272
1280
1222
1278
1282
1260
1273
1269
1255
1263
1254
1265
1263
1267
1181
1258
1264
1263
1279
1218
1272
1245
1276
1286
1275
1210
1254
1266
1273
1285
1238
1230
1260
1255
1207
1248
1261
1271
1247
1277
1247
1270
1252
1276
1269
1267
836
570
886
662
435
11
18
13
53
19
11
13
14
37
14
12
320
92
19
8
15
19
20
23
126
238
20
12
25
169
69
222
23
10
16
15
345
593
21
46
182
222
833
1246
1271
1273
1216
1259
1259
1251
1282
1277
1269
1242
1266
1260
1277
1259
1272
1260
1264
1288
1268
1273
1274
1270
1283
1275
1267
1271
1275
1264
1266
1268
1263
1255
1258
1238
1139
1241
1248
1223
1128
1244
1255
1262
1268
1267
1273
1258
1277
1259
1277
1283
1270
1035
1279
1273
1255
1120
988
1276
1230
1263
1239
1262
1281
1269
1274
1192
1192
1261
1262
1257
1266
1246
1268
1260
1253
1288
1239
1268
1242
1270
1252
1252
917
543
448
1183
1253
1234
1067
860
705
806
508
1024
1280
1046
406
14
210
31
10
405
21
11
176
312
208
768
1264
1271
1276
1269
1271
1258
1276
1258
1288
1275
1250
1275
1277
1271
1275
1255
1270
1270
1280
1263
1286
1269
1259
1255
1264
1269
1260
1273
1268
1263
1272
1287
