142
958
79
420
986
745
700
601
100
205
744
310
470
981
652
186
372
197
647
1
802
579
986
369
656
971
506
981
471
605
971
663
923
0
207
942
59
396
66
972
854
952
20
289
332
541
764
725
529
372
532
703
996
647
972
297
648
963
1002
989
950
369
964
55
989
27
863
661
39
486
731
931
546
676
967
25
955
768
235
945
196
558
56
384
3
440
179
43
879
125
481
7
272
980
210
991
977
32
554
112
941
999
131
876
987
988
714
1002
328
14
361
591
850
991
908
943
984
981
0
1
74
191
456
158
923
930
111
22
333
981
700
590
0
743
986
282
979
26
4
48
327
13
727
89
576
801
808
986
496
935
48
867
980
975
937
724
211
880
754
581
148
1008
908
835
913
0
720
413
212
818
103
609
933
390
75
364
40
969
955
666
988
893
117
410
70
988
984
1003
40
407
992
534
177
451
414
232
203
320
759
982
452
301
444
411
244
612
738
772
996
3
973
396
12
142
430
433
3
430
882
901
526
854
621
197
737
256
371
32
803
24
360
940
67
333
58
178
930
735
869
0
261
990
692
219
692
248
5
866
446
131
121
947
45
791
982
9
625
337
30
0
167
343
251
0
978
454
583
111
985
283
495
935
843
666
366
582
988
580
1004
980
187
962
54
868
923
772
944
842
959
896
982
222
977
972
63
834
930
630
567
573
802
11
231
464
73
434
371
479
885
568
936
909
864
656
979
367
436
364
36
0
205
608
981
859
0
129
831
760
33
474
204
194
498
130
771
785
89
998
1003
8
817
986
827
49
982
798
853
801
923
986
460
566
244
931
367
49
421
499
974
7
310
383
417
965
523
355
782
745
995
50
426
442
976
972
514
967
827
376
446
988
235
765
326
0
383
508
207
506
213
742
311
51
151
816
424
976
461
989
513
892
992
678
989
63
736
964
416
88
373
627
747
540
992
26
610
152
94
998
984
679
349
797
10
690
429
15
977
998
995
190
482
4
982
974
665
991
0
846
384
245
75
968
703
793
957
259
922
902
411
577
3
34
62
730
917
996
556
200
9
976
924
78
893
651
986
989
436
0
786
22
62
45
690
746
819
350
567
50
976
78
844
15
988
889
1
970
429
978
996
959
642
380
788
253
992
203
399
926
117
1011
60
31
0
977
137
895
191
988
495
433
385
862
534
566
573
408
618
714
859
694
0
271
66
977
629
123
666
973
403
461
650
871
164
967
56
126
75
419
502
974
978
739
66
976
676
335
316
957
993
936
233
988
1013
325
74
575
311
167
788
877
905
323
323
989
58
854
403
28
977
361
219
914
361
388
644
527
558
194
19
993
277
848
671
988
61
983
989
976
789
19
0
600
424
701
12
1003
929
980
656
997
6
1
21
20
0
365
664
366
615
74
537
217
984
212
676
959
1020
190
1019
243
873
39
985
82
551
999
748
985
35
939
932
993
243
843
412
411
534
966
140
598
363
825
980
801
74
391
725
37
312
222
973
686
531
341
320
605
318
464
432
280
779
860
411
560
710
86
5
775
104
228
515
545
15
278
615
870
990
113
244
141
914
437
1014
307
256
652
998
370
441
507
89
616
975
813
31
578
984
734
14
506
1003
398
83
985
917
2
246
996
891
856
989
12
266
974
373
4
38
753
419
732
27
806
721
984
0
749
591
835
451
889
787
582
915
486
977
973
275
354
48
1003
664
38
76
149
997
240
745
443
957
15
180
546
717
990
838
83
76
683
151
590
166
58
920
950
629
368
967
160
103
527
510
962
193
795
258
297
34
989
653
4
980
731
566
872
991
473
78
4
991
957
673
36
718
133
975
181
942
397
9
136
