2544
2554
2559
2560
2560
2560
2560
2554
2542
2559
2551
2560
2554
2560
2558
2552
2559
2559
2559
2559
2559
2559
2558
2560
2556
2560
2559
2560
2560
2560
2560
2549
2560
2560
2556
2558
2553
2560
2559
2560
2559
2559
2560
2552
2560
2555
2560
2560
2549
2555
2557
2547
2560
2546
2560
2555
2560
2560
2560
2554
2560
2560
2560
2560
2560
2560
2560
2558
2551
2559
2560
2560
2560
2557
2556
2560
2553
2560
2559
2558
2560
2560
2560
2560
2550
2558
2560
2560
2559
2560
2549
2552
2560
2560
2559
2559
2557
2558
2560
2560
2560
2559
2560
2560
2560
2560
2560
2557
2560
2560
2556
2560
2559
2559
2560
2560
2560
2560
2559
2560
2560
2560
2560
2560
2560
2560
2558
2560
2560
2560
2559
2560
2560
2557
2560
2560
2559
2560
2560
2560
2560
2558
2560
2560
2560
2560
2558
2560
2560
2558
2560
2557
2560
2560
2560
2559
2560
2557
2559
2558
2560
2560
2560
2560
2559
2560
2559
2560
2559
2560
2553
2559
2557
2560
2559
2560
2560
2560
2560
2559
2560
2559
2559
2560
2560
2560
2560
2560
2558
2560
2560
2559
2560
2559
2560
2559
2560
2559
2559
2560
2560
2560
2560
2560
2559
2559
2560
2558
2559
2560
2560
2559
2559
2560
2560
2559
2560
2560
2560
2559
2560
2560
2558
2560
2560
2558
2560
2559
2553
2559
2560
2560
2559
2560
2559
2560
2560
2560
2559
2560
2560
2560
2559
2560
2560
2560
2554
2552
2546
2559
2557
2560
2560
2560
2538
2556
2559
2559
2559
2560
2560
2559
2560
2555
2560
2560
2560
2560
2559
2558
2560
2560
2560
2544
2560
2560
2560
2560
2557
2551
2556
2536
2558
2541
2542
2560
2555
2558
2560
2557
2560
2556
2560
2560
2559
2559
2560
2560
2560
2560
2560
2551
2560
2560
2560
2560
2557
2559
2556
2560
2557
2560
2554
2538
2551
2560
2560
2560
2560
2558
2554
2557
2554
2560
2560
2559
2558
2559
2560
2560
2560
2560
2558
2559
2553
2560
2557
2560
2560
2559
2560
2560
2560
2560
2559
2560
2558
2559
2553
2560
2559
2559
2560
2553
2560
2545
2556
2560
2560
2560
2553
2560
2560
2560
2560
2559
2558
2559
2560
2560
2559
2559
2560
2560
2560
2554
2560
2548
2559
2558
2560
2560
2557
2559
2560
2560
2560
2553
2560
2542
2559
2559
2555
2560
2560
2560
2559
2558
2560
2556
2558
2556
2558
2559
2556
2560
2543
2554
2559
2559
2560
2558
2560
2555
2560
2560
2560
2545
2553
2560
2559
2560
2553
2560
2556
2560
2551
2542
2557
2549
2559
2559
2559
2560
2559
2551
2552
2560
2546
2559
2555
2560
2559
2560
2553
2559
2560
2558
2553
2553
2559
2548
2560
2555
2552
2558
2559
2559
2556
2546
2557
2554
2560
2559
2560
2546
2557
2543
2555
2558
2560
2558
2559
2558
2560
2558
2559
2559
2556
2560
2560
2545
2560
2560
2554
2559
2551
2559
2555
2552
2556
2531
2550
2552
2555
2557
2559
2550
2555
2544
2559
2560
2560
2559
2558
2560
2560
2560
2542
2560
2545
2547
2558
2545
2559
2560
2559
2560
2559
2559
2544
2546
2558
2556
2560
2560
2548
2554
2558
2560
2558
2559
2559
2558
2559
2560
2560
2560
2558
2560
2557
2559
2559
2555
2557
2540
2548
2558
2546
2560
2559
2560
2558
2560
2553
2560
2560
2560
2559
2559
2560
2559
2559
2557
2556
2560
2560
2555
2560
2560
2560
2558
2557
2556
2556
2560
2551
2560
2560
2559
2560
2560
2559
2556
2559
2560
2560
2559
2552
2557
2560
2548
2559
2559
2560
2560
2550
2551
2560
2560
2559
2559
2559
2558
2549
2559
2560
2555
2559
2559
2560
2556
2559
2558
2560
2558
2559
2550
2560
2557
2560
2558
2559
2549
2557
2560
2552
2558
2549
2556
2560
2559
2540
2550
2560
2560
2553
2560
2560
2559
2548
2559
2546
2558
2559
2559
2559
2560
2559
2560
2559
2559
2558
2548
2540
2545
2556
2560
2560
2548
2559
2557
2557
2560
2557
2560
2559
2554
2557
2558
2543
2544
2549
2558
2552
2558
2560
2559
2560
2558
2552
2553
2558
2559
2559
2560
2556
2559
2546
2551
2560
2556
2543
2558
2543
2559
2555
2544
2560
2558
2560
2559
2556
2560
2556
2560
2559
2559
2560
2557
2558
2558
2560
2557
2559
2560
2560
2560
2555
2559
2559
2551
2560
2546
2558
2560
2552
2560
2560
2560
2560
2559
2559
2558
2560
2556
2560
2559
2552
2559
2552
2551
2549
2550
2559
2560
2551
2556
2554
2560
2540
2557
2551
2550
2554
2557
2553
2557
2556
2559
2560
2547
2559
2556
2555
2549
2558
2559
2560
2559
2559
2558
2558
2558
2560
2560
2560
2542
2557
2554
2559
2560
2559
2560
2549
2560
2551
2560
2560
2560
2556
2560
2560
2551
2557
2555
2559
2551
2560
2560
