1272
1267
1265
1270
1239
1252
1241
1241
1250
1289
1211
1262
1250
1213
1275
1266
1249
1265
1262
1268
1181
1226
1272
1250
1269
1177
993
1267
1255
1151
1263
1284
1252
1267
1245
1247
1265
1273
1247
1276
1093
972
1260
1245
1267
1094
1170
1169
1246
1267
1253
1081
1252
1256
1275
1267
1259
1092
1249
1261
1237
1269
1245
1256
1241
1269
1218
1267
1256
1258
1234
1257
1100
1219
1091
1250
1263
1282
1256
1257
1131
1265
1235
1262
1255
926
996
1170
656
750
569
340
14
13
293
15
12
16
224
15
14
224
28
14
41
20
16
20
43
71
23
15
28
52
75
14
260
17
17
24
13
29
19
29
30
234
267
18
16
345
16
65
210
20
29
22
35
155
340
31
18
100
27
468
901
27
14
47
486
20
22
61
324
128
357
634
120
34
16
494
1257
1112
1025
1068
1273
1268
1281
1282
1245
1184
1267
1282
1257
1184
1275
1258
1200
1293
1269
1267
1260
1121
1239
1250
1269
1262
1240
1240
1256
1257
1260
1253
1249
1054
1262
1276
1160
1242
1250
1275
1079
1244
1253
1260
1240
1250
1175
1262
1252
1264
1258
1269
1240
1264
1273
1211
1087
1160
1230
1230
1271
1242
1259
1246
1278
1228
1267
1259
1267
922
187
45
16
18
43
17
14
19
16
22
15
21
30
73
14
11
12
19
29
27
12
16
15
20
244
24
32
37
57
18
123
478
18
13
20
14
18
12
63
25
38
312
16
18
58
796
1081
1261
1231
1273
1254
1276
1273
1257
1268
1274
1194
1256
1264
1275
1266
1209
1260
1247
1251
1253
1273
1258
1247
1275
1263
1272
1249
1144
1260
1260
1233
1244
1276
1241
1244
1237
1268
1253
1259
1275
1248
1254
973
899
1219
1248
1283
1256
1273
1173
558
12
14
13
21
11
15
17
30
16
15
11
25
20
14
13
53
20
22
17
13
18
128
166
15
18
16
278
548
22
19
84
175
14
23
47
296
396
211
23
16
51
25
23
19
19
25
58
16
16
130
507
680
455
319
596
1243
1273
1226
1278
1258
1273
1251
1268
1280
1255
1260
1229
1262
1218
1259
1252
1254
1241
1253
1282
1267
1262
1264
1250
1278
1260
1282
1273
1225
1261
1254
1272
1264
987
528
249
530
687
17
8
16
32
14
18
15
29
11
13
17
16
22
17
28
9
351
326
15
147
29
17
18
256
14
46
315
15
15
133
78
41
10
19
62
16
11
15
20
16
20
9
64
26
10
38
20
19
71
15
12
11
14
11
12
11
11
12
12
12
12
16
14
10
11
17
25
12
11
12
14
12
8
12
11
12
17
12
13
17
13
10
12
13
10
21
148
928
956
1268
1050
676
1260
1240
1019
488
1230
1122
506
967
425
12
19
9
11
12
12
12
12
12
14
16
12
16
12
14
11
15
15
15
14
14
20
10
9
10
17
18
14
12
20
18
19
18
16
22
14
16
21
18
157
22
19
11
25
16
266
21
15
17
20
17
22
9
12
20
17
137
11
17
26
373
813
822
1246
1106
1263
1261
1261
831
1246
1254
1274
1249
1293
1201
1284
1242
1250
1262
1168
617
908
1269
1254
881
1186
1207
813
1283
1257
1266
722
901
1228
983
1126
1253
1135
781
878
1102
914
818
694
11
9
14
10
11
14
13
13
6
12
12
14
14
12
13
11
16
15
13
14
14
14
16
16
12
7
13
14
10
13
14
15
13
12
14
15
15
14
12
11
14
15
14
11
10
19
14
20
23
40
19
15
15
249
852
1152
1056
1237
1278
1264
1268
1279
1263
1111
1258
1277
1269
1223
1242
953
1277
1242
1261
1263
927
401
17
14
10
13
14
10
12
15
14
14
13
15
13
13
12
14
14
11
9
10
11
24
13
11
13
11
13
11
11
10
19
95
13
14
21
25
20
13
14
13
8
10
12
15
14
13
11
9
22
30
20
17
12
41
18
15
16
256
287
18
10
15
12
15
90
452
914
286
141
665
805
342
707
460
583
758
920
1248
1155
1177
1271
1265
1050
1139
1164
1273
1200
1276
1260
1168
780
1269
1204
1177
1214
1245
995
1144
1270
