404
55
425
510
547
963
0
10
23
1449
199
302
192
95
1502
878
65
681
483
430
799
423
1312
383
600
1141
60
39
992
0
1427
281
280
507
1392
183
337
92
201
481
470
0
255
0
672
527
670
574
1427
744
1044
0
682
56
1152
0
1
110
670
4
0
0
714
585
0
0
0
3
180
0
94
1935
73
343
1301
0
1278
1270
73
523
0
0
1481
1200
16
569
0
441
0
79
335
1066
4
5
815
1221
22
312
1081
15
156
1661
17
599
167
248
266
406
425
1052
400
1316
1
1416
1484
213
1166
315
583
1849
1611
448
48
307
514
836
82
277
814
593
824
9
235
551
229
5
90
0
95
29
13
394
717
744
104
945
349
135
343
727
229
576
364
104
549
268
212
600
1726
48
56
11
0
65
94
0
146
34
23
93
696
13
120
1017
142
741
219
84
133
1267
1526
187
370
192
832
911
130
1094
793
695
352
351
561
351
280
950
1068
311
114
99
9
1503
350
1038
1048
760
965
0
13
1057
160
409
259
72
1395
674
1082
71
745
39
188
32
1048
316
55
993
640
865
1234
958
826
1651
0
719
18
23
1395
416
1281
906
1682
1409
62
1
499
46
760
1418
2198
164
647
70
20
507
608
1135
809
1298
1009
419
502
387
1661
392
1320
1515
1091
845
172
394
382
528
175
278
1161
345
274
493
86
73
773
139
256
86
178
932
0
23
781
668
110
1126
75
427
5
1306
173
746
282
83
366
228
107
280
21
191
921
220
933
26
312
1519
1825
610
129
569
99
778
1022
28
637
306
170
135
18
116
751
190
199
129
1659
1
301
1164
434
572
37
57
249
0
814
1614
1008
798
0
309
1125
38
1181
0
12
150
1428
383
1154
85
0
797
356
2
195
22
69
80
686
312
484
62
399
1330
281
78
1055
168
99
817
75
289
360
221
1111
382
20
442
222
12
113
278
423
11
367
327
1578
1118
1070
1828
0
157
1755
0
447
1275
1112
250
799
1529
223
772
956
0
580
60
71
147
471
505
163
139
794
1185
135
11
1221
141
1071
1132
697
0
871
85
1548
36
890
909
321
46
294
294
522
26
319
1170
938
298
633
2000
413
737
410
1778
496
272
845
1685
652
132
286
222
201
2
1628
801
0
366
333
323
576
806
1067
851
0
1596
773
0
950
186
87
819
1134
35
48
420
0
428
564
297
0
790
355
216
670
138
132
130
1604
436
30
739
92
122
1314
166
1
51
1087
914
377
59
96
1
1935
835
227
47
233
1463
228
1561
444
600
0
22
40
1439
58
3
138
301
74
1693
1134
185
14
815
248
0
49
964
54
1
3
388
80
981
1534
575
397
1641
263
732
1640
476
398
117
33
976
1701
548
248
68
219
133
216
537
282
194
1122
769
94
107
424
1663
17
757
35
1637
430
534
133
244
211
574
613
136
1827
1590
692
264
721
5
75
56
1119
1008
195
1
1296
262
300
492
73
1804
1248
1332
121
76
879
40
84
1392
907
122
47
482
1
246
1176
1343
946
819
451
732
368
612
35
66
1293
1008
0
0
401
550
44
168
97
1421
206
1101
806
0
81
315
608
702
256
1707
154
1
953
13
1603
224
60
526
783
1675
137
961
21
1388
865
65
917
509
909
1088
8
1082
237
28
1737
501
0
459
754
130
662
528
1560
1038
1432
213
35
467
507
180
629
527
1704
359
297
76
68
446
1919
1388
1723
773
1089
940
522
264
625
127
929
24
1324
1379
155
1338
1331
1607
979
2168
821
2059
393
292
1107
1216
315
665
132
223
96
53
1128
1373
0
148
286
16
798
1489
121
548
158
123
9
559
275
1478
883
35
210
1300
817
1115
875
836
1694
157
1617
0
613
4
1080
940
1258
2018
502
143
870
181
1069
2067
174
1074
904
431
1514
1767
288
1022
1350
395
1131
1009
725
761
920
1026
721
1269
327
1065
454
473
415
1638
1579
134
1460
512
1331
234
295
932
1037
1473
