43
746
560
823
395
789
562
553
397
489
605
670
133
604
709
666
980
244
434
101
625
137
880
172
712
402
498
257
128
444
978
1043
121
408
838
495
851
762
243
977
92
362
386
267
276
265
933
534
975
194
506
949
221
236
253
782
866
846
155
851
0
869
919
304
854
581
711
746
530
484
736
116
793
498
620
328
622
61
304
703
623
293
400
725
396
381
516
121
731
180
578
714
194
321
795
123
227
745
329
703
466
473
534
847
868
678
191
551
492
212
759
795
727
536
772
721
724
123
814
219
236
725
352
850
451
534
541
786
228
1040
345
532
910
229
792
973
652
333
484
423
266
844
789
200
689
777
1170
208
784
840
301
786
529
192
80
411
909
607
855
951
241
447
973
222
346
885
312
96
676
975
304
626
343
980
290
735
652
967
478
819
134
904
101
886
257
901
832
930
791
614
761
985
1164
471
232
696
766
335
713
525
621
850
966
327
520
593
858
550
423
711
610
642
746
255
880
568
772
631
1063
947
688
465
998
288
880
883
532
528
536
627
77
488
541
587
796
732
556
441
871
675
510
853
36
155
141
297
1022
877
688
1016
741
1080
873
613
141
251
375
463
122
715
905
522
1018
706
336
918
876
787
858
711
885
43
30
278
680
815
919
503
922
371
373
2
210
694
195
763
129
65
832
108
212
107
1057
505
875
25
975
999
996
643
498
169
151
392
639
45
545
559
193
744
751
169
824
153
431
795
824
184
889
469
1135
271
350
743
908
808
109
329
414
596
391
1017
718
347
598
768
541
510
801
658
693
910
566
783
712
770
1125
325
335
769
1019
265
656
836
972
953
772
712
278
846
769
562
110
864
831
113
165
951
735
1053
431
231
449
886
169
840
1059
991
148
709
273
1130
913
637
208
396
620
502
180
358
358
852
170
501
619
472
52
493
617
461
247
669
579
243
536
896
377
613
353
931
383
390
141
594
870
638
835
937
906
277
490
824
754
1028
151
639
848
803
487
579
504
1004
169
794
501
403
244
554
484
616
976
166
57
1100
1048
164
849
948
684
538
712
809
883
170
582
724
146
701
43
265
139
918
309
519
528
485
678
544
504
591
76
1104
345
415
806
798
632
781
212
919
28
210
308
188
496
1017
682
933
1010
902
842
301
929
553
510
904
643
234
48
1034
86
602
119
997
771
186
896
949
935
810
157
868
381
406
612
752
164
676
984
508
575
354
247
273
626
283
635
320
380
176
779
867
692
274
752
262
143
727
490
260
670
558
379
343
963
1135
689
925
423
911
983
825
438
959
358
66
442
526
587
777
797
374
805
965
616
758
140
300
693
863
909
674
695
141
255
1050
950
913
959
453
191
1049
486
927
903
412
956
821
883
653
711
229
404
306
531
267
181
840
789
296
681
144
245
1064
712
739
340
305
228
668
1034
91
661
132
738
863
391
640
178
456
172
100
539
875
865
234
318
322
690
16
353
497
252
955
123
149
913
715
382
704
877
221
731
754
333
287
522
774
577
642
297
427
478
260
62
1012
162
64
958
842
1034
579
541
684
829
602
505
335
521
450
1094
347
934
463
94
1017
611
592
321
709
497
781
316
348
1003
626
400
272
1016
186
665
1058
257
1042
305
170
74
865
262
566
856
30
517
683
576
755
356
357
530
783
927
148
799
671
465
862
493
323
76
842
464
52
507
543
696
392
179
278
718
797
346
313
315
157
669
407
525
869
521
624
785
343
1034
1080
41
130
405
732
683
374
833
181
66
1116
498
160
214
375
281
399
769
188
326
742
340
421
551
640
272
893
703
703
559
672
707
347
129
197
199
510
510
566
411
376
1028
647
672
716
341
886
229
259
551
321
753
323
600
820
623
263
