908
0
656
577
589
297
0
1837
212
918
87
1495
43
1259
62
856
1326
11
1303
1077
202
193
600
16
503
453
66
869
991
0
313
1578
1635
980
957
0
0
5
619
22
85
231
1217
435
47
177
314
393
0
614
1218
595
40
333
509
0
424
640
60
323
0
0
349
82
0
0
0
96
660
8
659
429
670
1597
354
0
645
0
1520
164
0
12
235
34
0
1172
402
39
0
423
1330
16
216
759
119
256
1664
1265
369
1265
526
295
212
503
851
185
979
341
1532
147
552
3
826
863
31
1255
914
59
1928
3
416
499
673
9
715
407
102
141
75
369
161
162
1127
60
593
1801
1549
366
533
171
376
852
270
45
30
213
1681
1744
81
146
1659
76
1237
344
1541
1941
1269
258
67
1
878
772
774
481
560
13
1457
1132
864
1424
1173
194
878
616
361
322
895
8
794
168
469
1123
0
694
185
505
714
39
1666
162
1120
187
130
55
652
594
104
1048
1242
792
238
282
265
371
113
1099
266
0
240
88
1819
857
523
1435
364
129
43
464
494
507
2038
1134
355
0
1137
0
1810
174
173
162
16
142
0
68
856
1551
435
100
27
218
273
603
500
243
1224
1730
553
622
66
819
350
1165
868
1237
41
258
915
556
1065
21
832
74
113
1344
685
443
587
453
1848
1276
1026
912
676
852
361
98
1222
1113
460
409
292
255
1280
1465
475
683
545
235
258
101
488
26
1056
0
1272
573
1683
453
1377
736
1315
316
323
1147
1479
1140
404
1160
1114
139
111
28
669
214
1141
135
641
9
519
724
528
0
850
3
0
1364
396
413
943
1362
119
42
168
1246
196
24
473
855
747
130
71
193
764
786
0
0
161
244
145
76
769
0
58
1578
86
313
187
1086
226
520
16
0
326
680
73
276
267
227
399
529
315
1088
198
138
1148
5
524
826
0
389
76
76
719
483
163
32
866
7
7
336
1260
68
22
188
89
129
0
597
170
0
18
564
757
724
11
46
565
381
0
5
46
394
1137
0
241
35
235
365
1380
128
346
30
29
428
1146
795
172
406
234
257
77
1520
268
55
1678
293
861
1041
832
1977
121
152
22
1444
1382
94
1164
979
918
9
991
671
52
64
201
361
1094
968
557
820
522
321
34
73
111
0
456
231
37
810
21
35
152
88
443
979
0
173
76
778
580
508
0
1321
688
0
872
0
1777
1033
341
54
853
581
608
1753
10
439
1225
961
25
1491
154
764
0
876
1131
1547
0
110
289
732
973
366
2278
397
1505
201
311
442
46
108
336
51
215
240
195
608
1000
793
315
1217
329
30
739
1422
1245
439
1697
81
853
552
874
261
44
6
1180
324
1826
88
331
707
721
328
529
373
149
177
1239
1000
1158
207
1687
0
779
2
301
46
323
336
402
134
560
53
885
119
161
0
1335
1520
1886
0
137
1696
734
0
1811
970
348
419
248
58
504
414
1989
307
133
1649
30
1077
1661
570
559
587
970
1168
109
526
1160
21
481
580
434
22
0
660
68
231
821
1325
1952
226
973
454
52
273
211
27
35
268
368
1752
826
385
6
389
1131
17
1118
0
354
1032
27
1225
1024
824
2312
894
664
352
41
1368
615
160
38
173
239
227
387
1128
1576
284
122
1312
698
454
24
798
402
347
143
869
0
819
546
1546
919
1765
878
168
315
1622
0
523
573
1838
65
1094
488
1191
1012
1483
300
585
122
257
205
150
221
58
1515
473
753
123
207
50
4
39
538
68
1055
280
885
294
515
72
1357
11
27
208
1327
480
1497
1388
468
925
463
71
61
2163
995
403
258
881
1913
1323
972
278
64
1976
509
492
278
442
1734
998
523
220
108
12
168
305
475
913
345
662
166
566
424
350
114
925
566
799
74
102
2309
188
1180
758
69
772
1661
461
128
854
121
133
1655
879
198
912
100
639
1366
1056
899
200
1903
925
639
846
161
334
494
1196
1040
1309
232
66
