146
611
785
624
610
601
676
630
636
648
657
679
643
652
653
603
642
654
643
651
673
714
660
602
649
605
660
636
641
653
638
616
637
662
764
669
670
635
639
647
665
646
619
617
628
646
653
627
634
626
651
621
638
612
659
666
650
651
619
652
600
610
628
647
646
640
656
653
668
625
620
649
629
606
624
640
647
645
629
636
615
640
652
659
618
624
666
631
654
625
640
643
657
631
632
667
658
674
630
647
660
653
631
644
633
630
648
656
679
666
654
664
676
648
658
660
650
648
650
674
641
712
654
659
639
673
600
621
634
674
658
675
653
640
598
637
638
643
633
636
694
655
656
652
621
652
662
633
638
663
684
653
619
614
656
640
653
662
660
657
651
648
634
627
667
661
654
623
646
640
685
636
645
648
656
648
628
640
648
612
660
641
681
655
645
645
632
648
621
654
583
642
517
490
646
609
622
638
607
638
641
645
649
639
888
635
621
632
719
651
663
630
648
648
665
609
643
630
606
632
634
675
623
611
637
625
686
609
588
614
636
649
651
656
682
641
661
656
634
620
617
649
630
648
664
660
616
893
655
642
656
651
622
637
650
644
662
671
645
649
664
628
639
613
646
634
650
631
650
630
639
671
608
626
629
635
634
893
612
639
649
656
658
674
644
628
650
621
663
648
675
652
629
641
679
622
658
638
636
613
645
640
654
675
635
621
654
718
660
680
641
646
656
656
663
626
722
645
663
625
867
665
640
637
633
613
634
628
602
634
636
635
654
637
644
654
639
751
649
653
682
620
662
656
634
662
771
651
620
635
666
639
659
608
606
656
615
637
636
729
623
618
652
681
597
610
649
657
648
681
648
613
638
684
592
628
616
665
624
646
619
631
669
640
631
636
646
654
646
665
659
677
661
650
619
605
653
650
653
675
606
645
629
622
650
651
690
642
702
669
636
647
626
652
635
638
667
652
681
650
649
653
626
648
645
629
642
696
632
639
656
639
657
641
631
638
671
608
652
627
611
644
632
652
698
640
628
639
655
619
662
597
626
676
617
654
636
655
639
615
653
626
651
647
617
661
653
618
662
613
650
635
636
641
635
639
632
633
684
673
648
637
654
644
635
657
633
636
625
690
646
632
640
639
638
623
631
640
632
644
631
660
610
625
698
625
663
666
628
637
631
690
648
633
648
622
649
781
610
618
610
725
640
647
641
656
638
638
621
635
650
656
662
673
672
664
641
621
662
633
623
635
667
655
643
643
651
619
627
637
625
646
638
617
643
658
641
620
664
688
638
651
663
663
650
648
655
628
644
677
653
627
683
660
672
619
600
690
635
655
643
674
618
637
658
576
645
635
626
729
653
648
655
701
635
624
645
631
651
630
642
635
660
666
635
641
632
619
634
651
700
661
593
615
637
660
660
632
646
667
765
631
656
670
659
639
626
671
643
625
620
635
633
631
622
679
836
656
606
665
754
620
669
627
630
633
643
644
605
670
662
642
643
632
665
615
663
660
642
650
629
636
826
658
672
625
607
686
662
599
650
807
666
652
656
716
611
620
640
871
613
610
640
643
646
636
653
641
728
633
627
649
765
637
614
650
963
663
632
602
642
634
672
660
619
679
639
656
681
640
643
668
628
641
610
647
666
619
672
648
646
629
622
682
640
657
709
649
674
639
633
632
626
673
666
641
638
639
653
860
655
608
630
647
643
623
602
678
652
649
626
626
603
654
643
632
618
641
659
632
640
649
479
643
609
660
615
662
653
669
647
657
644
601
644
659
680
648
646
633
650
634
641
631
628
638
636
615
664
647
649
611
651
643
674
642
615
646
611
647
