623
689
638
621
636
654
627
669
642
673
644
645
636
631
601
624
610
625
615
607
601
609
624
673
595
650
630
630
644
620
628
658
675
642
675
605
630
635
663
650
661
623
659
617
649
622
660
666
625
652
603
657
621
629
604
666
649
653
621
532
657
618
633
640
638
637
643
611
637
611
635
595
636
647
631
644
642
642
657
619
655
637
613
652
607
674
633
608
658
638
640
640
659
663
647
624
626
640
633
624
620
647
628
628
658
650
635
614
645
634
603
614
643
646
615
649
659
547
626
675
626
627
614
651
673
616
605
605
637
643
632
638
632
653
623
650
658
646
629
645
643
614
646
628
646
650
651
663
662
663
653
639
611
603
630
632
588
638
638
643
671
641
660
640
633
658
623
626
647
605
638
597
663
652
632
634
633
637
635
623
640
633
672
615
634
664
625
641
644
626
634
618
650
628
659
639
659
664
632
630
668
630
655
663
645
629
616
625
640
637
643
653
630
634
633
669
635
633
641
645
647
632
660
640
609
637
647
629
631
631
608
656
590
624
617
664
661
634
628
649
669
641
612
651
655
666
648
603
635
635
581
643
673
630
621
633
639
659
622
600
668
600
649
598
598
617
651
644
623
652
637
640
634
601
490
632
632
632
661
645
626
645
640
648
621
643
649
633
648
639
661
627
637
644
626
643
649
639
643
669
659
685
648
645
610
627
631
672
670
648
628
609
632
646
619
614
630
652
641
636
633
647
645
653
658
628
660
630
610
612
620
612
613
663
633
646
604
650
651
659
656
663
625
633
642
636
648
629
628
599
601
632
623
634
662
609
634
623
654
624
659
613
633
640
655
632
635
660
631
634
635
624
629
613
636
615
632
642
632
669
659
681
663
633
652
640
653
630
658
622
636
648
669
619
650
627
691
640
607
617
596
650
646
667
647
631
635
614
663
621
625
640
661
602
640
628
645
639
617
633
645
640
669
620
640
635
604
651
632
664
673
643
617
631
628
605
638
682
635
645
617
651
663
606
624
657
610
646
634
660
643
592
667
626
590
662
641
645
625
623
643
621
631
660
645
612
626
666
629
667
653
651
625
629
644
628
634
602
657
653
603
615
644
627
625
616
637
636
640
654
632
629
629
648
597
664
641
665
650
619
611
666
632
616
630
630
634
641
658
654
622
615
664
651
648
624
627
607
608
623
655
632
661
692
655
643
657
632
636
635
655
663
637
642
644
641
650
651
671
649
657
629
628
629
666
648
664
635
615
631
615
624
629
627
642
653
644
626
661
645
643
621
661
628
623
623
634
619
634
625
616
603
643
656
644
630
635
624
650
644
626
630
649
637
610
651
609
617
633
639
654
630
616
653
669
531
646
624
633
620
625
634
617
625
641
619
618
604
639
643
637
637
596
604
645
647
647
609
628
633
614
632
639
645
614
617
606
632
644
613
668
614
632
621
640
662
657
652
649
644
660
643
647
664
595
662
646
633
639
643
636
641
639
613
701
623
613
630
653
633
606
643
668
649
636
653
638
641
641
613
632
641
655
671
671
641
636
625
647
647
654
662
639
617
653
639
643
663
660
638
617
643
647
680
635
667
632
637
648
648
639
620
700
663
661
659
645
648
639
597
656
625
644
626
632
635
624
652
602
645
663
666
624
639
614
613
648
612
668
670
684
661
643
638
638
643
627
642
644
649
642
648
667
625
665
647
641
641
635
661
647
649
623
629
629
656
629
593
617
616
641
662
663
634
635
661
664
628
641
664
672
652
638
645
657
627
630
639
617
637
598
684
630
634
663
621
652
630
628
618
642
668
633
640
621
661
651
604
622
679
