731
613
500
660
611
643
637
626
636
611
641
633
588
647
605
651
666
635
635
644
669
573
660
671
655
654
658
633
652
631
647
653
663
638
494
654
592
649
596
632
624
636
637
646
639
621
647
605
667
648
621
664
630
655
609
645
643
671
664
629
638
641
652
646
647
656
614
616
584
621
643
652
658
680
618
635
647
643
607
625
646
623
630
616
637
680
657
644
615
645
635
647
632
607
634
606
663
640
632
603
621
652
632
622
630
634
645
643
638
639
615
646
580
650
649
635
631
611
648
671
647
559
627
598
630
640
624
606
635
593
644
621
646
631
655
646
637
661
596
626
617
631
652
595
648
654
632
653
646
649
645
635
655
667
597
651
643
603
642
613
632
599
629
621
610
631
626
646
639
616
601
648
643
644
628
671
641
650
602
646
664
644
601
650
638
622
654
622
635
618
715
670
794
718
630
674
637
649
647
642
640
643
597
634
351
632
653
632
558
636
604
642
633
671
599
650
627
659
652
629
614
582
657
676
664
670
621
654
696
654
643
624
639
642
626
648
624
616
647
624
653
626
648
644
641
627
648
236
638
645
635
614
632
628
617
623
638
652
603
624
670
620
657
618
633
659
640
630
616
633
639
632
651
626
615
638
646
298
644
626
612
623
606
632
621
653
641
655
626
627
610
630
668
636
637
698
643
630
632
633
642
626
609
594
599
623
654
536
621
616
631
643
597
631
616
639
584
634
662
646
364
622
631
610
645
666
630
646
631
614
624
650
600
648
621
618
650
488
625
636
623
641
640
602
617
635
498
653
660
646
642
631
619
631
640
629
644
627
634
525
653
642
631
625
651
615
609
646
641
633
637
667
633
622
644
616
650
602
661
655
625
640
659
675
649
663
625
634
630
632
631
629
599
667
658
648
647
596
649
636
657
635
664
661
639
645
561
645
584
595
593
628
665
651
632
644
623
657
611
628
657
618
649
651
653
622
626
589
598
633
608
652
659
634
630
630
660
628
646
659
655
653
651
654
565
652
615
627
641
674
646
643
621
641
645
606
650
610
643
621
640
620
633
639
671
618
629
668
657
659
643
628
619
626
635
627
662
641
604
618
652
642
657
667
656
649
627
635
667
586
641
625
658
630
617
627
625
633
635
647
655
638
684
621
602
629
620
620
654
609
634
633
591
659
624
614
637
451
653
652
656
514
658
647
646
650
644
653
648
646
627
608
644
603
589
636
651
647
623
655
626
616
642
650
614
605
611
617
615
654
652
667
646
641
657
622
628
625
635
588
639
647
622
618
618
619
616
628
637
617
678
642
630
683
614
661
646
637
618
623
609
616
638
659
663
695
655
645
653
555
629
619
621
577
664
633
644
630
598
646
653
610
633
614
635
645
642
645
619
651
609
623
667
647
698
633
607
631
670
630
534
636
645
597
655
677
622
652
617
636
671
642
647
633
641
612
381
645
649
592
508
660
603
645
665
598
625
662
695
625
617
650
671
634
650
647
634
659
619
617
635
635
386
583
659
640
631
636
650
652
657
457
656
633
642
588
648
652
645
331
693
665
614
648
637
644
599
632
537
621
642
641
509
646
670
611
253
654
670
670
671
647
621
616
654
608
623
631
616
612
648
618
640
653
637
617
609
621
623
629
637
635
610
616
650
629
532
640
642
662
629
638
625
635
608
635
643
648
617
327
642
671
631
640
619
632
678
670
634
643
630
619
611
654
651
630
619
686
638
649
637
612
673
616
606
616
651
632
609
634
623
659
613
662
640
630
629
628
638
645
625
616
618
635
664
624
666
649
640
590
622
676
600
650
640
635
650
621
644
601
