10
397
1140
342
1329
859
2064
0
207
165
1717
119
2148
2
961
812
445
1819
723
957
1487
1722
15
1781
1405
768
345
1396
523
1779
94
21
514
311
211
2032
1477
999
1463
831
1915
1338
817
589
842
1806
1564
267
543
1200
291
833
1181
2126
860
1327
1457
9
1751
1362
676
2197
44
1784
1850
492
1856
2138
9
589
1782
12
1059
411
798
1789
32
277
247
676
1868
2134
35
30
1533
796
899
412
2217
407
793
1421
761
1460
1118
110
396
185
744
1176
1244
427
1805
1297
34
1479
1205
1476
144
631
131
695
1389
261
332
557
95
273
11
237
21
1438
289
1532
81
1103
2156
185
99
1477
126
595
1189
1454
71
234
488
242
151
2282
933
60
1354
595
922
1201
485
667
1957
430
602
1800
135
1672
357
151
845
140
721
1227
1043
1210
561
132
703
2163
74
599
218
452
123
1691
132
758
5
1443
1290
2020
1557
459
36
294
1055
1456
645
636
1315
1230
17
32
65
1853
1509
89
62
152
469
1124
134
1601
885
622
1898
1085
1053
39
99
1856
1633
1165
182
61
1323
542
11
1064
84
419
106
1252
78
898
840
741
1086
1225
2
1386
509
764
43
282
2025
139
1049
871
624
1238
1011
1323
448
553
560
642
688
674
1105
49
147
1258
1566
599
1026
733
1036
13
428
156
374
165
749
1182
81
677
11
216
30
1165
301
481
769
987
741
910
481
771
752
243
1721
1711
1298
1856
758
161
1158
820
1519
1432
1419
473
248
731
70
1546
33
33
436
0
28
336
542
1330
576
725
679
673
479
1029
19
79
1659
448
46
1563
812
1773
1492
493
280
1616
135
1336
92
1855
2007
690
790
66
1267
734
500
2055
1527
117
958
1767
1660
853
100
799
252
365
529
55
445
1398
131
1188
117
758
333
1900
868
435
899
273
1505
580
1861
239
1737
885
315
1045
1599
217
165
614
1586
276
89
1228
721
1174
136
1557
1763
1048
749
424
722
2051
777
339
1269
1199
1124
1250
698
1577
733
208
398
922
1404
168
980
1114
634
484
1280
60
158
1584
1200
566
110
229
1548
1423
125
2026
1235
1550
154
1684
2105
121
28
176
305
818
968
1364
352
104
1677
779
983
126
487
230
1290
23
356
1159
225
1145
1093
167
996
168
1555
153
539
439
466
182
99
413
768
474
1615
414
163
1667
1162
453
219
799
40
285
2094
727
1990
551
17
1268
969
830
2157
271
1462
2211
519
1104
1110
72
429
967
213
1287
550
650
1302
362
1452
226
335
330
1478
900
119
1576
123
332
975
1377
610
980
156
540
758
1196
857
229
358
936
324
1807
90
906
1179
652
18
54
132
76
1141
44
1665
1436
2025
946
788
1507
897
516
123
49
1120
869
1271
355
1572
589
1225
222
801
736
556
934
953
247
15
1348
843
74
33
1699
227
55
1349
1161
1248
594
156
210
1
0
1162
1364
559
27
461
1639
301
1698
1359
1540
110
102
56
1557
1428
219
1444
795
873
389
147
1116
1758
542
0
43
55
22
1264
848
2165
137
672
128
212
1819
4
13
208
27
349
0
377
547
602
1237
1110
1844
439
300
148
338
2064
670
519
675
1293
785
40
125
26
1189
310
1435
2140
103
492
1230
1252
766
1381
57
296
1114
2126
445
732
511
278
408
1951
991
1230
135
779
29
35
459
131
1792
464
799
1666
202
788
0
121
360
1305
25
115
1252
1
403
16
15
761
681
1743
436
405
147
252
374
153
233
923
104
117
122
600
27
446
539
1328
293
481
557
229
483
609
92
1572
831
236
575
617
703
897
929
0
1702
441
243
77
1562
656
1043
1060
141
151
448
684
5
595
324
41
220
476
92
821
118
202
0
1888
626
27
96
336
208
1196
1176
212
1
497
614
44
1748
1833
3
1364
453
1311
501
347
59
188
369
1315
753
361
231
442
1008
75
0
781
970
86
51
1948
622
406
671
0
0
1
239
43
401
54
24
539
600
925
52
551
1309
173
486
181
628
789
642
32
422
127
437
186
0
0
702
15
374
172
93
438
0
829
658
