2407
2388
2331
2436
2374
2325
2416
2343
2366
2382
2399
2320
2419
2423
2409
2412
2411
2419
2418
2438
2447
2462
2503
2415
2486
2380
2417
2449
2424
2462
2352
2418
2439
2339
2352
2450
2422
2377
2309
2351
2335
2373
2474
2384
2383
2366
2305
2426
2468
2345
2477
2427
2408
2433
2408
2478
2418
2414
2414
2399
2412
2331
2379
2403
2489
2383
2322
2366
2359
2424
2234
2418
2479
2399
2371
2421
2384
2425
2426
2399
2363
2339
2304
2344
2319
2418
2344
2394
2408
2420
2372
2401
2414
2420
2432
2422
2398
2340
2372
2429
2441
2426
2375
2364
2369
2415
2411
2373
2363
2449
2384
2407
2437
2320
2364
2361
2447
2434
2425
2363
2393
2459
2436
2418
2431
2471
2498
2425
2417
2512
2513
2493
2525
2454
2515
2499
2536
2529
2532
2514
2466
2494
2522
2500
2518
2526
2513
2510
2511
2523
2514
2527
2455
2451
2525
2512
2531
2510
2463
2527
2539
2533
2522
2537
2484
2525
2537
2517
2506
2519
2517
2487
2514
2485
2522
2506
2527
2519
2516
2492
2538
2491
2519
2500
2518
2520
2464
2513
2470
2465
2508
2491
2442
2530
2531
2522
2498
2511
2522
2522
2522
2515
2509
2523
2534
2525
2505
2516
2534
2526
2521
2527
2535
2541
2539
2473
2528
2533
2527
2531
2532
2516
2523
2522
2526
2521
2531
2521
2498
2486
2530
2525
2519
2530
2530
2520
2530
2529
2525
2536
2531
2524
2514
2493
2493
2532
2494
2471
2456
2515
2457
2456
2442
2429
2389
2367
2311
2369
2243
2302
2304
2409
2332
2301
2347
2308
2414
2350
2295
2334
2376
2436
2442
2473
2315
2263
2305
2310
2431
2355
2265
2289
2463
2351
2301
2417
2377
2415
2362
2374
2361
2349
2419
2369
2359
2371
2410
2488
2402
2448
2413
2431
2392
2361
2371
2407
2367
2343
2357
2316
2378
2329
2365
2382
2480
2385
2429
2417
2478
2428
2359
2401
2443
2451
2430
2426
2495
2351
2347
2412
2316
2420
2317
2330
2383
2323
2395
2398
2441
2406
2426
2415
2354
2331
2415
2403
2452
2416
2370
2424
2370
2226
2360
2280
2304
2352
2411
2373
2376
2340
2392
2329
2294
2275
2398
2326
2278
2375
2341
2384
2386
2338
2358
2346
2275
2260
2301
2254
2390
2299
2250
2367
2431
2338
2275
2315
2447
2260
2313
2300
2349
2354
2249
2285
2414
2469
2354
2349
2459
2343
2391
2437
2397
2435
2354
2390
2300
2449
2304
2433
2266
2432
2475
2344
2428
2353
2409
2352
2350
2466
2418
2401
2381
2329
2358
2406
2377
2303
2374
2440
2316
2475
2452
2492
2415
2308
2369
2361
2411
2366
2360
2377
2372
2453
2409
2350
2340
2390
2331
2378
2404
2386
2412
2435
2351
2355
2370
2354
2364
2386
2346
2405
2404
2279
2419
2413
2363
2369
2412
2299
2376
2305
2385
2436
2369
2405
2352
2300
2338
2361
2372
2352
2244
2281
2310
2377
2344
2394
2340
2417
2245
2413
2423
2336
2259
2327
2354
2342
2255
2375
2350
2324
2363
2286
2253
2365
2356
2258
2427
2425
2317
2415
2359
2368
2291
2359
2309
2306
2423
2376
2362
2406
2416
2404
2309
2348
2459
2309
2362
2285
2357
2310
2324
2363
2323
2368
2470
2290
2366
2329
2403
2304
2302
2294
2276
2442
2390
2349
2307
2356
2351
2273
2367
2364
2418
2399
2396
2365
2355
2362
2260
2356
2340
2301
2404
2392
2311
2385
2374
2345
2345
2363
2358
2373
2253
2354
2237
2347
2336
2260
2352
2333
2393
2328
2336
2419
2358
2377
2379
2425
2406
2306
2434
2384
2336
2276
2314
2351
2356
2467
2417
2360
2289
2417
2349
2347
2317
2351
2290
2345
2360
2438
2302
2242
2369
2357
2326
2279
2278
2410
2347
2398
2386
2351
2364
2377
2300
2371
2370
2289
2351
2406
2320
2297
2346
2301
2340
2307
2358
2365
2331
2352
2354
2318
2326
2286
2275
2407
2362
2425
2263
2279
2259
2357
2406
2308
2358
2417
2299
2366
2377
2357
2345
2414
2377
2378
2360
2330
2294
2361
2259
2301
2332
2317
2246
2247
2335
2327
2483
2390
2415
2346
2415
2419
2355
2276
2307
2415
2326
2428
2353
2295
2354
2341
2303
2399
2407
2426
2424
2347
2475
2405
2432
2374
2368
2369
2315
2353
2434
2350
2255
2228
2301
2329
2323
2370
2329
2326
2367
2287
2302
2311
2348
2321
2342
2313
2354
2298
2355
2419
2368
2266
2352
2321
2403
2417
2391
2426
2318
2353
2403
2295
2360
2299
2353
2368
2366
2290
2409
2399
2444
2364
2479
2399
2332
2372
2392
2271
2261
2341
2358
2359
2293
2331
2294
2307
2345
2348
2356
2331
2293
2362
2357
2361
2338
2387
2178
2356
2405
2371
2343
2415
2348
2363
2422
2295
2325
2307
2423
2397
2425
2386
2365
2334
2376
2362
2365
2404
2365
2408
