2163
2200
2034
2335
1628
2456
2496
2470
2133
2451
2324
2492
2297
2544
2125
2171
2049
1909
2031
2102
2480
2243
2423
2475
2246
2487
2006
2241
2340
2084
1913
2089
2129
2415
1975
2502
2546
2558
2049
2208
1914
2425
2417
2234
1825
2394
2201
1730
2392
2131
2549
2251
2438
2351
2118
2532
1983
2407
2457
2544
1252
2191
2358
2210
1948
2426
2471
2482
1865
2285
2232
2335
2155
2147
2249
2336
2509
1890
1897
2326
2491
2327
2413
2342
1968
1880
2444
1965
2320
2319
2444
2346
2284
1842
2270
2313
2221
2216
1880
2212
2375
1824
2414
2354
2166
2197
2299
2084
2359
2229
2191
2096
2108
1993
2509
2435
1975
2367
2387
2352
2097
1904
2157
2194
2337
2502
2514
2278
2029
2455
2560
1551
2356
1805
2071
2046
2208
2507
2522
2498
2536
2494
2227
2507
2356
2084
1808
2443
2219
2432
2164
2243
1916
1930
2355
2498
2456
2319
2534
1919
2243
2201
2431
2506
2270
2475
2208
2357
2511
2184
1898
2076
1987
2338
2111
2366
2145
1737
2184
2439
2182
2065
1896
2559
2405
2560
2174
2171
2035
2333
2373
2317
2338
2338
2185
2453
2481
2325
2471
2211
2272
2133
2413
2143
1827
1898
2218
2186
2059
2280
2284
2459
2482
1701
2303
2098
2148
2334
2209
2389
2438
1913
2368
2215
2336
1523
2445
2461
2251
2275
1879
2000
1614
2076
2247
2560
1632
2116
1607
2400
2251
2435
1936
1936
2144
1822
2097
2097
2069
1635
2375
2404
2393
2519
1949
2451
2401
2071
2150
2348
2422
1901
1812
2294
1858
2425
2031
2114
2330
2298
2244
1785
2115
2455
2511
2509
2272
2443
2375
1850
2118
1730
2085
2560
1658
2354
1796
1679
2117
2383
2322
2376
1972
2227
1975
1887
2194
1605
2135
2351
2307
2512
1925
2329
2346
2123
1856
2055
2400
2202
2449
1674
2314
1804
2340
2023
1886
2269
2550
1845
1973
2112
1712
2010
1815
2260
2404
2267
1746
1961
2204
2398
2261
2385
2442
2396
2001
2209
2321
1988
2517
2246
2469
2009
2464
2237
1949
2264
2160
2405
1397
2119
2323
2384
1604
2187
2486
2551
1646
2283
2044
1930
2327
2194
2148
2305
2231
1733
2268
2318
2553
2191
2297
2543
1986
2511
2156
2451
2296
2350
2372
2039
2260
2171
2442
2356
2273
2542
2172
2240
2346
2259
2063
2270
2543
2442
2004
2161
2307
2425
2382
2367
2330
2153
2281
2085
1973
1911
2348
1947
1908
1742
2031
1864
2227
2156
2171
2340
2084
2082
2560
2559
2264
1843
2033
1880
1962
2352
2140
1765
2328
2268
1996
2160
1674
2274
2206
2309
2510
2560
1988
2097
2121
2005
2228
1978
2333
2068
2150
2544
2307
2315
1861
2541
2071
2370
2407
2558
1863
2123
2236
1444
1990
2366
1986
2123
2464
2495
1941
2490
2026
2185
2055
2560
2171
2560
2512
2553
2272
2131
1403
2143
1790
1928
2176
2324
2352
1924
1831
1738
2236
2015
2270
2465
2362
2365
2202
1812
2281
2394
2035
2530
1825
2285
1980
1942
2402
1786
1793
2380
1844
2362
2463
2320
2236
2411
2224
2475
1957
2362
2194
2482
2458
2284
2100
1770
2401
2218
2145
2218
2237
2137
2335
1999
1903
2250
1465
2127
1735
2119
2301
2271
2445
2328
1882
2034
2410
2316
1963
1654
1965
2193
1793
1999
1944
2034
2076
1701
2216
2257
1977
1913
2052
2037
2504
2560
1787
1609
2232
2218
2225
2249
2159
2003
2453
2425
2280
2279
2262
2056
2171
2130
2088
1694
2002
2145
2363
2137
2447
2455
2395
2038
2101
2455
2410
2241
2272
2312
1914
2044
2005
2404
1834
2189
2128
2353
2165
2393
2223
2284
2024
2180
2353
2074
2088
2130
1551
1980
2223
2387
2247
2050
2198
2287
2395
2028
2214
1906
2178
1728
2334
2198
2521
2367
1876
2138
2340
2506
2122
2177
2178
1947
2177
2393
1809
2055
2274
2038
2208
2219
2143
2519
2197
2201
1988
2185
1982
2106
2462
2491
2460
2250
2120
2116
2556
2472
2530
2035
2517
2285
2248
2398
2527
2500
2239
2521
2380
1911
1838
2432
2527
2365
2281
1996
2225
2198
1886
2434
2110
2445
2086
2079
2088
2231
2458
1982
2394
2367
2282
2301
2004
1963
2464
2128
2471
2322
2340
2060
2254
2407
1898
2107
2254
2559
2551
2378
2397
2072
1970
2430
2044
2442
2499
2523
2149
2329
1759
2457
2423
2437
2340
1918
2109
2243
2321
2055
1911
2287
2433
2525
2373
2290
2195
2104
2435
2330
2008
2321
2525
2541
2532
2500
2024
2279
2408
2432
2350
1982
2206
2351
2229
2172
2308
2388
2295
2559
2315
2364
2117
2412
2416
2104
2327
2034
2461
2236
1718
2033
2051
2510
2510
2244
2376
2253
2194
2179
2517
2536
2299
2297
2296
2058
2483
1672
2517
2225
2296
2131
2527
2082
