645
644
688
688
688
688
668
702
702
702
702
702
702
701
700
702
702
702
702
701
700
702
702
700
702
702
702
702
702
702
702
702
702
700
702
701
702
702
702
702
700
702
701
701
701
701
699
699
699
699
699
698
699
699
696
699
698
699
699
699
699
699
699
699
699
699
698
699
699
699
699
692
699
699
700
699
698
693
699
699
699
699
700
700
699
699
636
699
699
699
699
696
699
699
699
700
699
699
699
699
695
699
699
699
698
699
699
697
699
699
698
699
699
699
699
699
698
698
699
698
699
699
684
699
699
699
689
693
699
700
700
700
700
700
699
700
700
700
700
700
700
700
700
700
700
700
700
699
699
700
700
699
700
700
700
700
699
705
705
704
705
703
704
705
705
703
705
705
703
705
705
703
703
705
705
705
704
705
705
705
705
705
705
704
704
705
705
705
705
705
705
703
705
705
704
704
699
703
704
705
705
704
705
705
704
705
705
705
705
703
704
705
705
705
705
705
705
705
705
705
705
705
704
705
705
705
705
705
705
705
705
705
705
705
705
704
705
704
705
704
705
704
704
705
705
705
705
705
704
705
705
705
705
704
705
705
703
705
705
705
704
705
705
705
693
705
705
705
705
705
705
705
705
704
705
705
705
703
700
705
705
705
705
705
705
698
703
703
702
703
702
703
703
703
703
703
702
702
703
703
703
699
703
704
703
702
703
704
704
703
703
703
702
703
702
704
703
703
703
703
702
703
703
702
703
702
703
703
704
703
703
703
703
702
703
700
703
703
702
703
703
702
703
703
703
703
702
702
703
703
703
703
703
703
701
703
702
703
703
703
702
703
703
703
703
702
703
703
701
702
703
703
703
704
697
672
703
703
703
681
703
703
703
703
703
702
703
702
703
703
703
703
703
703
703
702
703
703
703
703
703
702
703
702
699
703
703
703
703
703
703
702
702
702
703
703
703
703
700
703
703
703
704
703
702
703
703
702
703
703
702
702
703
703
702
703
703
703
703
698
703
703
697
703
702
703
703
703
699
703
703
703
701
703
703
703
703
703
700
703
703
702
703
703
704
702
703
703
703
703
703
703
703
703
703
703
701
703
702
701
703
700
703
703
702
699
703
702
701
702
703
702
702
701
703
703
703
703
703
703
677
702
703
703
648
718
718
718
718
718
717
718
718
718
718
718
718
718
718
718
718
718
718
718
718
718
677
709
716
718
718
718
718
717
718
642
718
718
718
718
718
718
718
714
717
718
717
717
716
713
713
718
717
716
718
713
717
718
718
718
712
718
718
718
719
716
718
718
718
718
719
718
718
718
715
718
717
718
718
718
717
718
718
718
718
717
718
717
718
715
717
719
717
718
718
718
718
718
717
718
719
718
717
718
716
718
718
716
717
705
718
718
718
718
715
717
718
718
714
717
718
718
718
718
715
715
718
718
718
718
718
718
718
717
718
684
633
563
585
484
484
682
683
683
683
683
683
683
683
683
675
683
683
676
683
683
682
683
680
681
683
683
682
630
544
597
630
616
656
682
683
684
684
684
682
683
682
684
684
684
684
682
684
684
685
679
684
683
684
684
675
684
683
683
684
684
683
683
684
684
684
681
678
683
684
682
684
684
683
684
684
684
684
684
684
684
684
681
684
684
681
684
683
684
683
682
683
684
684
684
684
684
684
683
684
669
684
685
684
683
683
684
682
684
684
684
684
684
684
679
681
684
684
684
684
684
685
681
684
684
684
684
684
683
684
681
684
684
685
684
685
684
682
684
684
683
683
682
684
684
684
684
675
684
684
684
685
682
678
684
680
684
679
684
684
685
683
684
684
683
