664
604
632
660
631
604
661
635
654
621
622
634
608
636
634
624
662
627
616
688
654
649
650
628
708
591
652
618
649
647
645
613
644
627
633
646
643
619
634
650
620
641
643
642
624
637
651
629
649
652
647
645
651
630
629
612
658
598
624
738
661
640
625
636
631
627
634
633
627
626
613
636
644
635
620
605
635
658
643
652
639
642
609
624
614
627
641
642
645
635
648
650
606
655
625
641
649
645
620
668
648
612
624
653
608
628
665
642
611
637
632
665
623
646
650
612
647
680
693
627
640
611
619
659
636
649
649
639
617
607
643
625
650
618
637
638
630
629
652
627
628
641
651
645
655
619
648
596
641
622
643
678
627
662
640
615
671
617
615
619
609
642
624
652
633
649
674
681
652
644
642
672
623
624
625
631
637
641
671
642
640
663
600
625
620
608
635
628
613
639
620
627
657
616
635
633
664
632
653
610
615
661
636
656
636
665
653
661
637
605
669
613
674
655
643
601
629
611
631
670
681
644
644
629
647
641
629
645
658
632
656
635
667
642
656
647
608
623
630
612
643
616
650
626
648
619
647
686
611
643
653
633
640
672
643
645
640
638
653
673
642
636
626
674
647
664
642
633
627
638
613
673
534
574
624
614
614
647
628
632
635
640
597
633
655
648
625
637
635
647
623
652
617
639
632
614
585
636
644
643
641
618
627
610
677
633
637
617
615
618
641
651
644
658
635
654
629
618
606
615
648
655
617
617
624
624
667
619
657
637
639
670
644
612
647
645
666
654
649
603
636
624
635
660
650
679
602
662
633
647
636
636
625
599
643
634
626
640
641
658
632
648
638
604
637
617
628
622
611
631
625
636
673
654
639
643
643
641
659
618
635
671
635
627
627
643
640
654
625
656
651
647
588
653
641
640
623
630
681
629
673
636
604
656
624
640
660
637
625
631
614
649
627
631
669
655
619
622
643
634
620
622
616
623
618
639
650
645
618
621
645
608
601
620
611
696
634
635
643
631
618
642
603
665
636
627
622
624
661
622
637
655
650
624
641
616
639
595
665
638
645
608
624
616
647
641
665
628
644
616
620
632
634
625
629
637
628
635
645
625
652
624
619
663
659
676
633
635
608
588
644
649
661
608
629
645
645
663
636
647
653
593
648
683
633
642
645
645
619
627
625
640
620
633
667
607
656
681
659
631
616
648
607
602
620
623
636
651
624
660
656
641
657
648
632
659
606
663
601
662
610
656
614
640
656
619
616
607
666
608
625
636
659
606
635
627
643
638
662
626
669
620
635
641
635
648
667
637
647
624
644
654
632
617
612
629
620
632
632
628
631
636
629
603
653
645
618
653
617
638
621
629
647
648
625
648
624
652
645
627
666
629
676
627
621
592
613
636
618
630
633
632
654
681
654
609
649
642
622
661
617
654
638
642
668
651
655
625
631
694
649
625
672
629
628
648
623
624
624
626
644
625
642
634
633
589
645
656
631
618
637
638
674
668
603
630
653
640
625
612
657
610
624
641
650
621
604
668
631
640
636
607
636
623
642
609
666
628
641
639
616
611
701
621
636
605
605
645
607
645
653
623
628
619
641
645
634
646
653
593
645
622
612
596
649
650
633
656
620
634
657
643
610
645
644
629
654
631
670
631
642
620
642
625
665
651
621
653
619
623
629
612
625
649
656
666
626
688
643
600
631
618
633
665
661
611
629
632
678
631
645
623
635
661
618
611
654
667
631
629
642
602
643
602
628
649
642
649
642
621
616
642
635
577
657
615
616
631
630
622
615
601
632
647
633
623
635
644
630
641
628
602
628
631
625
638
605
661
621
607
