822
615
908
1113
582
84
286
634
815
0
1870
1068
1
1056
0
43
1573
186
1625
0
571
995
114
1011
0
1112
3
385
81
127
141
670
390
220
121
665
135
638
1018
1425
629
283
1170
881
1492
1094
505
1391
631
0
1338
278
604
1006
123
1986
504
1945
834
304
1690
2012
912
1226
222
705
1568
1770
121
164
0
1507
37
1008
188
208
483
1029
1127
438
26
468
1310
93
865
1254
745
92
35
64
1883
0
0
1559
17
1983
254
464
5
225
390
296
244
835
1019
431
1559
987
920
219
158
580
1093
559
76
511
258
1281
1813
184
1113
1773
1116
443
475
31
597
1159
1192
1678
0
1931
306
2084
700
589
30
137
1333
1
781
1606
1149
219
417
289
961
928
20
8
1502
37
2094
38
103
237
1058
106
1111
1475
1
1229
453
758
575
0
157
541
1519
652
1132
1213
857
102
1159
311
43
1849
98
759
1025
1342
189
303
275
1458
3
1825
1477
589
591
1625
1467
33
36
1036
1148
910
1241
1714
271
1165
1063
1038
1726
132
310
1041
2
854
0
301
228
1557
221
1095
0
1519
1069
50
36
181
146
789
1258
1632
1072
983
1170
1761
337
144
756
1
0
81
257
0
1580
271
0
0
921
41
34
1203
666
405
151
631
155
1029
248
148
585
1060
31
320
1130
712
684
735
705
816
85
307
1542
955
1919
1597
1781
889
1121
1313
1087
417
399
462
14
346
240
235
492
1502
2006
25
0
1223
1423
1876
1217
664
0
0
1212
1340
78
337
207
1194
936
58
425
183
1925
970
1289
265
914
1626
219
492
83
851
91
0
1298
377
1648
334
1503
0
1074
647
1031
683
577
2063
853
76
0
2
1458
573
815
1120
1085
134
815
1772
513
1579
1678
305
276
666
1792
1248
21
420
539
6
693
211
286
177
189
9
30
662
1770
605
95
928
689
1200
320
0
1
354
1174
842
302
1
0
267
678
1123
52
405
330
1
290
172
551
551
580
212
0
152
798
492
182
0
2102
698
29
386
0
76
41
2
0
110
408
1085
175
1396
742
600
1970
635
1938
0
603
1001
888
1141
253
1123
76
478
1977
457
1669
729
168
826
950
1
562
93
939
179
741
242
12
0
0
27
1061
1287
1402
1395
1
885
298
428
55
67
133
181
727
940
1387
31
678
1302
1603
2028
66
1264
1342
1039
263
193
108
22
217
808
107
682
287
308
1716
130
1031
1604
506
781
273
1230
853
1062
1040
595
262
957
85
87
1
1489
75
1519
0
391
192
160
234
260
462
735
0
1
744
222
1156
115
96
156
1397
837
14
703
1398
375
1036
1262
0
478
616
1378
1448
1145
1169
319
112
0
508
1496
1519
172
1321
547
876
945
114
316
1010
637
250
924
372
128
349
980
84
118
598
555
0
433
1057
1055
800
1374
29
485
1483
5
41
170
799
73
23
11
158
1646
1003
1097
0
0
1932
150
396
0
137
971
1155
1732
588
622
40
88
79
23
913
743
39
1070
920
227
1069
208
848
4
0
245
861
1434
558
1135
846
1970
790
26
94
1163
111
882
661
1559
184
222
32
1433
417
327
1
755
313
804
1272
1638
1422
386
225
898
33
767
136
117
1209
264
1372
509
30
373
1301
790
878
853
0
334
28
192
786
1351
483
996
728
1727
669
219
6
565
236
770
950
1
680
501
871
33
383
25
1202
145
3
1858
97
24
706
643
137
643
980
919
0
797
220
721
4
926
168
586
1497
735
794
863
262
4
315
1014
50
46
1160
1369
1030
0
911
1170
251
298
8
0
1013
1051
1031
422
220
237
423
1
82
47
528
99
718
91
1134
241
72
1
0
394
31
823
1276
284
355
14
1077
914
841
789
0
0
1240
582
142
1868
215
80
1
455
1452
695
396
201
527
490
608
633
1035
1206
284
882
0
776
451
111
700
542
51
1066
0
0
229
1269
470
89
159
1178
414
1109
1008
1065
216
975
0
1087
957
182
73
1222
1073
1356
604
0
0
253
982
41
1008
650
347
245
416
24
