2544
2554
2560
2561
2559
2560
2560
2553
2541
2559
2551
2560
2553
2560
2559
2552
2560
2560
2560
2559
2559
2560
2559
2560
2556
2558
2560
2560
2560
2560
2558
2547
2560
2560
2556
2559
2554
2559
2560
2559
2560
2560
2560
2554
2560
2556
2559
2560
2550
2555
2557
2550
2560
2547
2560
2556
2560
2561
2559
2554
2560
2559
2560
2560
2559
2560
2560
2559
2551
2560
2558
2559
2560
2557
2558
2560
2554
2559
2560
2558
2559
2560
2559
2560
2551
2558
2560
2560
2560
2560
2548
2552
2559
2560
2558
2560
2558
2560
2560
2559
2560
2560
2560
2560
2559
2560
2558
2560
2559
2560
2556
2559
2560
2558
2560
2560
2559
2560
2560
2560
2560
2560
2560
2560
2559
2560
2560
2560
2559
2560
2558
2559
2560
2559
2560
2559
2560
2559
2559
2560
2560
2560
2559
2559
2560
2560
2560
2559
2559
2560
2560
2557
2559
2560
2559
2560
2558
2559
2558
2560
2559
2559
2559
2559
2560
2559
2559
2560
2560
2560
2555
2560
2556
2559
2560
2560
2560
2557
2558
2560
2560
2560
2560
2560
2559
2558
2560
2560
2559
2560
2560
2560
2557
2560
2560
2560
2560
2560
2560
2560
2559
2558
2560
2560
2560
2560
2559
2558
2556
2560
2560
2560
2559
2558
2560
2558
2560
2560
2559
2560
2560
2559
2560
2559
2558
2558
2560
2560
2553
2560
2560
2560
2557
2561
2559
2560
2560
2560
2560
2560
2560
2559
2559
2559
2560
2559
2554
2553
2543
2558
2558
2560
2560
2559
2540
2556
2560
2560
2560
2560
2559
2559
2559
2549
2558
2560
2559
2556
2559
2559
2560
2559
2560
2543
2559
2560
2560
2560
2556
2551
2558
2536
2554
2540
2544
2559
2555
2559
2561
2557
2560
2555
2560
2560
2559
2560
2560
2560
2559
2560
2560
2550
2560
2560
2560
2560
2559
2560
2557
2560
2557
2560
2553
2538
2550
2560
2560
2560
2559
2560
2554
2558
2555
2561
2560
2560
2560
2560
2557
2559
2560
2559
2557
2559
2553
2558
2555
2558
2560
2559
2560
2559
2560
2560
2560
2560
2557
2559
2552
2560
2560
2559
2560
2552
2559
2544
2554
2560
2560
2560
2552
2559
2560
2560
2559
2560
2560
2559
2559
2559
2559
2560
2560
2560
2560
2555
2560
2547
2558
2560
2560
2560
2558
2558
2559
2558
2560
2555
2560
2542
2559
2560
2555
2560
2559
2560
2560
2560
2556
2556
2559
2555
2559
2560
2555
2560
2540
2553
2559
2559
2558
2560
2559
2555
2560
2559
2559
2546
2552
2560
2560
2560
2554
2560
2555
2560
2552
2543
2558
2549
2560
2560
2560
2560
2561
2551
2553
2559
2547
2560
2555
2560
2561
2560
2553
2560
2559
2558
2554
2555
2560
2548
2559
2552
2553
2559
2560
2560
2555
2546
2557
2554
2557
2560
2559
2546
2558
2543
2554
2559
2559
2558
2560
2558
2560
2558
2559
2560
2557
2560
2560
2546
2560
2550
2554
2559
2550
2560
2555
2552
2558
2530
2554
2552
2554
2556
2560
2553
2553
2545
2559
2559
2560
2559
2558
2559
2560
2560
2543
2560
2545
2548
2557
2544
2559
2560
2559
2561
2560
2560
2545
2546
2558
2558
2561
2560
2548
2555
2556
2559
2558
2561
2560
2556
2559
2560
2559
2560
2560
2559
2559
2558
2560
2557
2558
2541
2550
2558
2546
2560
2560
2558
2559
2560
2553
2559
2560
2560
2559
2557
2560
2560
2561
2557
2554
2560
2560
2554
2560
2559
2559
2558
2560
2557
2557
2560
2551
2559
2560
2561
2559
2559
2559
2556
2559
2560
2559
2558
2553
2557
2560
2546
2560
2558
2560
2560
2549
2550
2560
2560
2561
2560
2560
2558
2548
2560
2559
2555
2560
2559
2543
2555
2560
2558
2560
2558
2558
2549
2559
2558
2560
2559
2560
2550
2557
2559
2553
2557
2550
2559
2560
2558
2540
2553
2561
2560
2555
2559
2560
2558
2547
2560
2544
2559
2560
2560
2559
2560
2560
2559
2561
2559
2560
2549
2540
2546
2556
2560
2560
2547
2560
2557
2557
2560
2557
2558
2560
2550
2557
2557
2543
2544
2551
2557
2551
2558
2558
2560
2559
2555
2555
2553
2560
2560
2559
2560
2556
2559
2547
2552
2559
2556
2543
2559
2541
2560
2555
2545
2558
2558
2560
2560
2557
2560
2555
2560
2559
2560
2561
2557
2558
2558
2559
2559
2560
2559
2560
2558
2555
2557
2559
2551
2559
2547
2557
2559
2551
2559
2560
2559
2560
2560
2560
2556
2560
2557
2559
2559
2552
2559
2552
2552
2550
2550
2558
2559
2551
2556
2556
2560
2538
2557
2551
2550
2554
2557
2552
2557
2556
2559
2558
2543
2560
2555
2556
2549
2557
2560
2560
2559
2559
2557
2559
2560
2560
2560
2560
2543
2556
2554
2560
2558
2558
2560
2550
2559
2552
2560
2560
2560
2556
2561
2561
2551
2558
2556
2558
2551
2556
2559
