327
1067
1027
333
360
587
770
789
542
577
317
441
1190
597
218
1085
77
516
881
457
526
728
838
917
287
353
975
779
325
422
719
229
944
670
406
782
368
424
827
310
576
452
763
345
602
735
789
310
805
329
738
805
869
706
765
572
70
765
865
841
30
81
506
1007
669
345
908
513
4
872
953
984
85
866
100
653
643
425
1108
96
822
982
998
116
1048
253
759
941
158
790
393
824
345
773
376
913
796
1082
1098
289
507
1047
36
727
407
500
687
753
738
674
862
245
742
323
549
301
77
805
510
500
405
456
1062
53
850
916
817
187
974
438
780
893
450
304
982
234
527
854
640
861
883
824
780
785
661
97
112
857
374
640
196
288
465
637
966
555
557
608
646
438
334
149
592
619
698
512
768
650
400
457
18
410
863
620
607
290
810
571
255
141
1036
24
525
755
381
831
344
149
239
297
610
834
311
409
885
756
845
710
762
653
935
450
786
941
877
836
650
806
443
289
305
761
549
50
296
437
292
641
449
573
453
931
585
291
632
51
730
334
1054
276
877
281
81
914
922
513
856
307
94
625
364
248
686
1042
375
167
193
676
82
46
290
419
362
821
670
635
679
431
689
246
6
867
89
110
669
913
493
770
529
444
191
450
324
526
208
387
440
216
870
602
605
79
144
672
296
288
190
868
255
799
794
840
101
98
161
136
657
16
291
954
1028
907
192
905
1004
827
304
486
684
398
395
458
832
396
605
850
83
752
722
226
490
121
963
450
235
180
649
940
103
366
1011
475
216
989
924
742
1220
836
912
898
456
135
803
512
460
784
183
815
737
578
291
263
488
373
424
411
145
675
314
653
270
376
818
345
383
975
718
92
263
560
560
872
781
599
752
509
232
271
957
377
897
261
880
1046
975
534
927
511
923
622
683
395
196
131
608
878
207
229
596
960
878
405
138
724
833
216
296
214
725
326
209
147
516
158
490
341
508
828
599
1024
412
491
842
162
560
790
176
867
670
58
1051
277
549
417
215
830
51
834
980
833
283
321
489
618
690
884
173
243
350
653
531
263
411
781
169
824
807
888
523
800
791
176
620
317
967
912
332
728
213
722
923
458
412
723
848
597
587
359
192
770
444
708
333
218
922
631
872
284
93
161
978
994
247
691
854
36
831
756
622
643
191
776
213
784
219
277
182
518
187
530
690
589
777
575
67
652
495
830
163
940
121
533
801
65
916
605
958
416
1013
326
955
69
763
264
120
749
306
278
84
196
299
701
350
838
109
559
1056
192
210
325
178
35
234
741
832
816
256
161
116
661
69
996
176
439
331
319
283
1169
222
210
302
332
241
619
691
380
548
316
771
690
802
665
435
93
186
272
919
140
898
254
716
594
785
794
485
167
1038
365
232
542
2
666
878
877
318
630
916
729
854
48
444
967
930
852
323
198
918
117
271
367
899
784
598
673
97
839
157
440
248
691
834
629
782
711
1061
1086
401
166
228
486
294
905
467
625
412
911
450
177
460
519
870
857
395
745
676
186
665
610
372
761
497
77
1143
230
390
671
676
266
489
1027
330
281
537
894
975
549
609
867
511
558
474
171
709
842
418
839
930
557
402
933
69
145
303
10
779
228
1077
590
798
854
212
628
635
1023
775
727
807
301
70
75
142
944
891
457
811
438
651
773
826
598
205
982
345
746
1028
324
962
436
639
579
1043
17
8
1173
492
847
870
722
862
519
167
891
241
327
904
694
187
836
391
633
340
751
570
96
1003
1066
1006
125
734
730
443
833
708
818
178
947
874
324
903
116
535
217
869
116
606
775
161
389
149
749
749
862
854
347
199
897
829
283
395
690
629
168
840
116
646
884
692
146
554
305
