655
655
655
654
655
655
656
655
655
654
655
655
655
655
655
655
654
655
655
655
655
655
655
655
655
655
655
655
655
656
656
655
655
655
655
654
655
655
655
655
654
655
654
656
655
655
655
649
655
655
654
654
655
655
655
655
654
655
655
654
655
655
655
655
654
655
655
655
656
655
655
655
655
655
655
655
655
655
655
655
655
655
655
655
655
656
655
655
657
658
656
657
655
653
657
656
657
657
656
658
658
658
658
658
658
658
658
658
658
658
658
658
658
658
658
658
658
658
657
657
658
657
658
657
659
658
658
657
658
658
658
658
658
665
664
665
665
665
665
665
665
665
665
666
665
665
665
664
665
665
665
665
665
665
665
665
665
665
664
665
664
665
665
681
676
681
679
681
681
681
681
680
681
681
681
681
682
681
679
678
681
681
681
681
680
681
681
681
681
681
681
680
681
680
681
679
681
681
680
680
681
681
679
681
681
668
681
680
678
681
681
681
681
681
681
681
680
681
681
681
681
681
679
681
681
681
681
681
681
681
681
675
681
679
681
680
680
681
681
681
681
679
680
681
681
681
680
680
682
678
680
681
681
681
681
681
681
678
673
681
681
679
681
681
681
681
681
681
681
681
681
683
682
680
681
681
681
681
681
681
677
681
680
681
681
680
681
681
675
681
682
682
681
681
681
680
681
681
680
679
681
677
680
681
681
681
681
679
681
681
682
680
681
681
681
681
680
681
681
680
681
676
681
681
681
681
679
682
681
682
681
681
680
681
681
679
680
677
681
680
680
682
681
681
680
677
681
681
681
681
682
680
681
682
681
680
677
680
681
677
681
678
680
681
682
681
681
681
681
681
680
681
680
678
681
681
681
681
656
679
677
677
677
676
680
681
681
680
681
675
678
681
678
680
681
679
681
681
681
680
680
680
676
681
679
681
673
681
680
681
681
680
681
681
681
681
681
681
681
681
678
679
681
678
678
681
681
681
681
681
681
680
681
681
681
681
678
681
681
681
681
681
679
681
682
680
679
563
669
670
671
671
672
672
673
672
672
672
673
671
672
672
672
672
672
672
670
672
672
672
672
672
672
672
672
671
672
672
671
672
671
672
672
671
671
671
672
672
667
672
660
672
672
671
672
672
669
672
672
671
672
672
670
672
673
672
672
672
672
668
672
672
672
672
672
672
672
672
672
670
670
672
671
672
671
672
672
672
671
672
672
673
672
672
672
671
672
664
666
672
672
672
673
672
669
672
672
671
672
672
672
672
672
672
672
672
668
671
671
672
673
673
672
672
667
671
669
671
671
672
672
670
672
670
672
658
672
669
670
672
672
632
670
672
673
672
670
672
669
672
672
672
672
672
669
672
672
672
672
672
672
672
665
672
667
671
671
672
672
672
672
672
673
672
672
672
672
672
672
670
672
671
672
671
672
672
672
669
671
671
672
671
672
672
672
672
672
672
672
672
665
672
672
672
672
673
672
672
672
671
671
672
672
672
671
671
672
670
672
672
634
647
655
655
655
654
653
654
654
655
655
648
655
655
655
655
650
655
655
656
654
655
572
655
655
655
654
655
655
651
655
655
655
655
655
655
648
655
655
654
653
655
655
655
652
652
653
655
653
655
654
655
652
652
655
655
655
655
655
655
655
655
654
655
655
653
651
654
652
653
655
654
655
654
655
646
653
655
653
655
654
655
646
654
654
654
652
654
650
654
654
652
654
653
653
654
654
654
655
654
653
654
651
654
654
654
654
650
654
654
654
654
654
650
654
653
654
654
654
655
654
654
654
654
654
653
653
654
654
653
654
654
654
654
654
654
653
654
654
654
