1645
1629
1554
1647
1564
1592
1565
1500
1662
1670
1719
1723
1759
1576
1647
1548
1587
1636
1604
1542
1540
1592
1657
1588
1603
1603
1623
1636
1656
1544
1728
1488
1471
1591
1640
1622
1598
1592
1584
1604
1513
1540
1542
1663
1650
1676
1714
1680
1537
1668
1666
1602
1578
1656
1658
1682
1612
1725
1704
1716
1669
1699
1739
1686
1697
1712
1722
1581
1596
1666
1548
1646
1698
1568
1702
1661
1544
1546
1724
1525
1597
1532
1605
1594
1525
1526
1607
1682
1631
1716
1655
1658
1648
1600
1551
1534
1725
1662
1818
1793
1757
1735
1732
1682
1793
1711
1652
1782
1771
1763
1776
1779
1825
1792
1794
1733
1727
1662
1703
1789
1771
1765
1656
1590
1640
1585
1793
1765
1800
1782
1736
1742
1703
1705
1709
1820
1761
1849
1745
1786
1834
1681
1732
1785
1761
1774
1669
1530
1637
1721
1777
1727
1704
1719
1641
1718
1788
1759
1848
1844
1861
1739
1780
1727
1740
1694
1727
1594
1698
1672
1718
1735
1743
1761
1702
1713
1669
1641
1654
1730
1647
1738
1798
1716
1733
1721
1692
1723
1656
1708
1660
1733
1674
1739
1800
1714
1726
1698
1564
1685
1649
1647
1590
1609
1616
1506
1343
1333
1368
1296
1305
1293
1289
1297
1255
1302
1245
1238
1241
1289
1233
1230
1229
1180
1178
1180
1173
1180
1184
1175
1113
1049
1049
1048
1046
1065
1040
1047
1047
1051
1059
1047
1048
1051
1054
1040
1061
1060
1046
1042
1042
1066
1049
1041
1120
1099
1054
1055
1056
1046
1051
1062
1032
1055
1032
1044
1057
1047
1055
1059
1048
1061
1109
1111
1032
1043
1060
1048
1050
1046
1063
1046
1048
1049
1041
1049
1051
1059
1039
1065
1047
1042
1051
1046
1067
1048
1060
1053
1053
1065
1044
1053
1048
1054
1052
1059
1053
1052
1049
1049
1056
1057
1055
1055
1038
1060
1059
1058
1053
1062
1038
1047
1056
1044
1059
1057
1056
1048
1053
1040
1052
1057
1054
1037
1052
1057
1040
1043
1063
1055
1048
1046
1054
1060
1051
1060
1046
1058
1052
1036
1045
1060
1052
1056
1043
1044
1047
1060
1057
1049
1041
1048
1052
1056
1057
1056
1054
1062
1060
1050
1067
1054
1036
1050
1061
1042
1045
1062
1040
1034
1053
983
982
974
982
984
985
984
992
985
987
994
1001
992
984
989
974
989
987
986
984
989
989
991
985
978
993
981
988
989
995
993
983
986
989
988
993
991
979
979
988
992
967
999
988
986
984
987
981
987
986
996
984
991
985
976
990
989
968
976
991
1001
961
989
990
1001
985
984
993
977
982
993
987
994
985
1000
1000
975
992
1002
976
989
974
975
983
974
969
978
990
975
980
1001
989
986
991
987
977
986
987
984
988
983
993
1000
1000
989
987
997
979
985
980
972
992
992
984
990
988
981
989
984
984
989
988
1000
979
995
991
982
986
992
981
995
974
990
995
991
972
990
978
998
1002
988
957
983
990
987
986
977
990
985
971
993
994
986
980
1006
988
972
984
984
980
969
989
987
980
998
997
990
997
987
969
984
992
986
996
990
979
997
967
999
974
987
997
987
988
984
984
993
978
990
990
975
985
986
987
990
988
988
990
992
987
974
983
982
984
995
988
986
994
986
980
987
979
984
979
982
978
999
988
983
998
993
973
988
980
986
993
982
984
979
986
984
971
973
987
988
984
990
994
982
993
988
977
989
989
980
975
999
997
996
979
991
980
1000
977
970
991
974
996
985
999
988
978
980
980
987
995
984
976
1036
1045
1046
1046
1059
1049
1053
1060
1041
1048
1039
1040
1116
1107
1076
1042
1039
1054
1055
1059
1037
1053
1055
1057
1058
1110
1058
1058
1059
1065
1056
1058
1046
1058
1054
1049
1047
1043
1045
1125
1057
1044
1037
1043
1109
1052
1041
1056
1050
1057
1038
1040
1050
1054
1058
1044
1044
1056
1045
1030
1041
1054
1053
1051
1050
1059
1039
1052
1058
1046
1049
1031
1049
1047
1057
1047
1060
1032
1063
1054
1054
1041
1049
1060
1048
1049
1042
1039
1047
1036
1054
1035
1046
1058
1058
1044
975
999
990
966
987
986
989
982
999
996
976
994
984
993
987
986
991
977
999
994
991
961
984
994
992
984
1000
1000
979
966
994
994
996
983
987
968
976
964
991
993
981
983
982
999
981
987
993
999
970
984
993
987
991
975
997
