1242
2089
331
1139
96
441
462
718
2110
22
548
636
166
1216
40
14
714
36
53
90
60
235
634
387
51
198
1976
245
53
776
729
687
121
764
2
332
734
1460
280
1220
90
995
262
1538
1001
46
17
1325
576
6
11
1124
643
46
39
1228
673
1796
83
866
1856
355
1453
112
689
2053
711
294
1713
1955
29
166
749
199
97
776
614
1009
721
1200
672
362
809
1291
1012
32
1250
1660
292
1645
115
64
1578
325
508
973
473
801
363
110
634
171
531
151
1515
651
115
336
462
731
1483
545
341
16
715
530
378
1905
37
463
527
178
1537
701
1253
211
139
1942
1575
128
1455
1788
13
504
1671
512
422
1956
1786
34
1240
1257
221
1181
1510
186
43
11
146
1260
72
118
825
442
119
196
236
1567
48
1275
584
552
1227
1886
1210
375
885
797
1446
583
571
651
1438
175
2061
60
161
453
83
665
536
970
1119
231
884
513
394
202
83
1672
1033
166
354
2050
1565
857
924
85
1071
74
1421
142
55
81
355
665
1232
660
675
243
396
1243
459
516
785
675
1356
1610
1223
759
141
495
315
1491
287
330
88
141
642
665
1671
481
507
1627
622
119
103
798
248
115
164
1
1446
1664
148
101
129
472
57
332
1
718
641
85
864
1158
392
549
111
1941
472
910
701
149
539
383
867
105
239
409
379
121
972
513
555
1344
305
710
289
367
204
318
250
839
755
130
496
866
99
1324
1701
666
1365
585
1248
649
267
1368
879
1404
340
691
1560
402
375
553
765
146
493
2317
485
571
26
183
480
77
327
1281
731
182
1259
920
1448
572
540
381
619
1856
142
339
290
456
570
34
968
199
387
791
1471
1626
1416
390
258
927
2110
848
1145
1078
1120
1726
1443
501
194
159
417
1892
873
103
119
1804
611
1649
1840
742
208
1752
1649
1651
178
423
1881
169
586
1070
1172
178
204
387
1456
1531
649
53
1045
1298
906
1319
445
1014
1435
620
204
1877
555
342
0
429
1577
675
2
1998
807
657
533
1
557
418
1661
1177
58
1139
1816
83
120
861
1695
318
65
1945
370
1069
1773
1703
336
627
3
533
17
1368
464
2060
451
777
108
1576
206
1061
1170
82
114
377
1124
1059
50
664
21
19
519
657
1141
352
313
1129
43
391
1549
402
2
904
1587
941
376
1138
438
1391
128
1681
1515
256
491
72
382
640
178
238
656
298
1366
1503
910
777
1701
330
2007
166
5
1893
225
1548
72
972
73
1452
1458
279
224
37
1541
10
640
480
1071
366
1649
548
616
537
692
24
2130
650
242
80
169
1494
24
642
686
723
673
1479
841
983
160
127
1500
799
1321
1128
1364
3
2
284
944
1362
6
542
36
940
0
1748
1147
685
660
1054
973
617
137
525
438
38
355
1320
96
939
758
612
561
1633
1064
1500
22
862
93
2005
1025
709
827
41
790
566
1624
654
1921
179
209
587
512
1232
219
407
314
855
49
184
0
916
0
1306
222
1269
61
2278
271
1006
160
433
1120
638
2027
965
467
181
369
101
875
79
446
154
870
848
1028
1511
15
1387
2031
980
13
195
766
282
140
421
913
62
286
2111
571
297
1262
1516
417
196
1394
899
329
311
486
931
362
2097
132
222
693
494
500
1
71
1206
819
405
445
176
215
1666
936
703
2039
1018
833
23
0
945
1514
325
945
1010
1763
0
190
1752
270
1047
2275
913
1117
639
46
158
7
1226
207
699
2069
1032
150
239
1385
381
135
529
628
913
616
691
284
328
12
929
346
636
528
134
727
2035
1354
927
579
98
812
1013
30
215
10
91
621
104
776
2041
952
1036
92
1299
730
941
111
947
932
1024
2119
37
91
947
1292
189
23
70
1398
413
659
10
430
143
78
1582
272
203
1036
860
256
949
335
1867
23
635
1537
1889
525
89
787
37
3
872
702
908
1419
386
0
1048
424
969
933
0
22
472
151
1256
749
108
18
431
1260
3
944
18
839
0
1088
1455
51
0
346
871
926
1349
559
1039
799
325
468
360
