1255
1248
1271
1248
1266
1259
1275
1254
1261
1275
1265
1265
1274
1274
1248
1264
1178
1221
1255
1262
1240
1262
1234
1272
1207
1126
1123
1257
1272
1239
1269
1241
1247
1263
1255
1252
1028
1255
1263
1266
1257
1031
1181
1270
1275
1244
970
992
1255
1258
1243
1019
920
1237
1256
1273
1268
1265
1256
1290
1234
1266
1273
1251
1123
1168
609
893
972
1061
939
273
877
14
25
13
199
51
105
39
382
16
55
446
1127
930
198
24
28
179
898
767
16
44
64
341
456
24
275
148
59
268
587
18
493
795
44
14
107
289
773
1079
700
1232
1246
1017
1270
1259
1242
1277
1265
1289
1055
774
1257
1247
1258
1075
793
1244
1269
1262
1211
1013
1275
1245
1224
1235
1183
1255
1266
1248
1266
1225
1252
1220
1269
1194
1229
1260
1240
1246
1173
1259
1260
1091
1190
1263
1241
1260
1117
810
438
233
242
14
17
12
12
13
17
16
12
63
26
25
17
25
15
21
68
24
22
208
33
148
21
21
37
16
32
33
16
32
13
22
19
56
307
24
33
93
441
23
32
234
129
25
28
23
30
18
444
15
26
218
297
39
367
21
25
466
1084
1055
1197
1194
1280
1289
1277
1248
1268
1257
1254
1285
1260
1264
1103
1245
1267
1206
1263
1255
1241
1267
1253
1266
1193
1189
1248
1270
1252
1255
1275
1234
1259
1267
1254
1252
1160
1241
1274
1248
1250
1093
1081
1268
1264
1260
1261
1254
1120
218
20
30
21
22
12
17
15
195
11
12
15
16
78
28
16
29
15
15
19
20
18
30
43
146
10
28
251
160
24
20
15
83
139
22
15
25
82
27
61
24
36
94
17
14
20
118
472
909
1244
1166
1258
1263
1251
1252
1274
1264
1284
1269
1257
1251
1275
1273
1267
1255
1202
1149
1261
1258
1263
1227
1266
1269
1247
1239
1248
1256
1260
1242
1266
1281
1102
633
999
653
38
24
70
17
34
120
16
10
15
32
16
20
133
16
11
54
27
14
17
33
14
15
51
19
24
18
222
30
12
15
590
1262
1247
1207
1146
1277
1277
1276
1243
1265
1256
1284
1282
1269
1272
1271
1259
1255
1221
1275
1287
1241
1258
1260
1186
1295
1271
1255
1260
1275
1252
1252
1261
1253
1258
1266
1164
758
797
494
659
23
22
17
15
23
15
23
17
19
17
17
27
21
36
24
22
16
21
16
17
17
17
22
46
26
14
16
333
824
663
688
1215
1277
1241
1271
1253
1255
1254
812
1098
1100
1247
1246
1170
1268
1264
904
451
316
8
13
17
29
9
9
8
10
12
15
16
17
9
13
16
28
15
10
21
19
16
18
19
14
15
11
12
16
11
13
18
40
15
13
18
10
61
13
12
13
103
38
20
16
17
15
28
16
15
13
17
67
441
940
405
393
746
765
1076
1251
1263
1211
1056
1256
1221
1069
1006
1247
955
1151
1270
1256
1150
405
863
1227
854
355
586
829
295
22
10
14
9
37
24
15
12
14
16
15
19
13
19
12
55
12
14
14
12
15
21
34
40
15
16
20
92
13
12
16
12
66
11
16
13
12
16
70
18
19
10
16
41
27
16
16
60
12
13
16
13
18
35
16
19
13
14
30
430
708
381
604
837
1290
1262
1274
1218
1266
1277
1276
1282
1247
1265
1276
971
1181
1257
1256
1277
1279
1274
1260
1150
1029
1262
1273
1253
1107
1212
1051
1252
1269
1236
1274
933
700
1254
1258
1100
1048
448
25
17
12
62
10
9
18
12
8
16
21
11
11
14
17
19
23
12
11
14
10
10
9
15
8
17
14
12
13
14
17
18
10
22
55
156
13
20
35
153
18
12
13
13
9
11
11
8
11
12
15
25
253
14
8
27
156
279
9
21
16
42
18
14
20
20
101
63
14
17
13
9
47
14
17
14
10
31
13
29
12
19
20
355
742
822
91
19
42
212
444
584
486
769
223
17
220
884
1262
1058
1238
1274
859
1264
1265
1098
973
1061
512
26
13
14
13
15
12
18
10
15
15
14
14
13
13
10
13
14
16
15
13
15
13
10
15
11
13
11
15
10
10
8
12
