120
1644
0
981
953
875
411
531
0
857
433
551
1620
123
1659
1050
109
1195
524
1306
297
252
484
1004
84
958
538
0
38
1692
332
0
422
513
361
76
219
1384
997
694
0
336
148
1658
99
607
437
290
580
217
627
392
82
1024
0
420
973
125
0
1125
78
385
182
327
70
1627
836
0
182
158
1418
14
312
1069
683
1174
840
1420
0
479
268
790
528
840
208
946
0
1013
332
1341
49
225
404
340
1176
202
714
195
487
1205
142
866
540
535
1433
997
271
331
89
1517
291
1323
27
1335
92
26
480
877
712
253
618
27
511
1303
0
600
613
1125
784
557
707
257
56
262
645
0
2
202
525
277
97
74
0
0
1427
163
340
7
1021
134
667
57
0
1
692
300
0
1237
83
275
142
0
289
1011
226
1390
584
0
204
613
3
0
424
499
522
1510
1653
32
1275
347
841
0
1062
325
28
710
281
330
193
765
28
792
64
1669
191
870
434
641
407
191
857
61
1144
210
0
168
1509
71
254
0
140
59
1739
351
582
1330
685
8
0
1534
440
1885
289
602
254
50
560
351
482
27
1499
940
960
1459
1119
1056
1333
1072
393
879
1451
2044
1183
0
14
0
0
14
654
131
277
391
67
1485
1315
569
1629
881
289
224
80
401
50
1096
144
673
843
189
301
593
515
1081
0
512
483
1183
1431
19
981
82
404
464
671
743
46
0
590
211
1027
0
3
942
1269
465
73
0
798
1217
1546
68
1138
1204
1014
986
99
690
606
0
202
81
29
155
737
76
1049
1642
313
758
142
94
329
785
151
22
573
61
707
262
147
893
362
1836
258
144
1040
0
927
2008
353
37
23
115
29
732
642
763
189
23
412
1286
156
220
1713
748
1716
1852
211
406
1694
700
136
51
1104
334
0
103
2
144
79
153
65
470
93
967
1749
1646
263
162
1387
483
135
648
233
29
28
1562
670
1261
1137
490
1659
666
937
374
101
333
1271
101
277
306
395
1271
1348
1733
478
211
553
506
1272
150
8
722
66
214
109
122
919
543
1852
1230
706
1456
3
1185
61
407
0
0
73
316
0
1098
398
1436
0
633
1195
937
1901
855
244
1045
119
1164
1645
0
540
446
38
353
196
1657
101
845
910
76
151
372
553
204
1811
580
731
0
351
1763
327
628
1745
422
1591
1080
633
911
242
248
634
64
347
1071
1731
673
246
47
1433
156
43
0
444
140
605
116
529
126
5
33
0
104
1572
1867
1463
782
1877
754
1121
1682
1043
632
784
619
98
636
1991
1374
1122
887
0
49
1238
582
595
4
814
115
480
141
1078
1482
1481
345
576
41
21
547
225
1015
1724
237
1174
585
1185
0
164
88
1104
141
626
614
1578
338
390
1627
793
1447
256
942
237
811
563
401
1499
643
999
1253
906
458
1820
295
147
793
665
875
15
20
0
557
600
393
340
184
0
1120
157
430
56
180
40
71
428
805
531
577
169
1668
0
32
1731
0
120
148
0
8
515
84
613
1147
278
1294
71
1293
86
552
228
42
867
0
803
1213
1178
256
3
957
748
878
139
1499
785
80
171
740
434
307
449
63
157
627
126
373
92
847
170
109
267
9
1337
1077
388
1123
478
1103
208
69
10
1225
317
161
890
705
1096
316
1174
1504
1125
44
16
191
66
887
1544
222
2015
0
958
330
386
267
585
1311
597
0
306
114
472
1436
0
658
234
1011
131
1200
560
1963
802
1172
741
189
499
1089
1187
1208
554
1045
615
2098
1512
1383
342
81
315
1617
474
1898
1038
381
273
1689
1379
1434
1323
1623
254
1253
906
1963
1771
1389
1775
961
29
885
1635
185
1109
742
1082
1443
1285
1700
819
1569
691
45
802
654
286
938
343
947
367
998
0
1109
231
1842
328
320
442
313
1303
170
343
138
522
1259
192
519
780
666
1255
1073
1533
252
354
26
856
212
0
671
1317
95
164
757
45
556
1190
287
1269
206
164
885
1461
1102
0
409
0
1108
47
48
0
1525
