1647
1632
1554
1647
1565
1592
1567
1500
1650
1669
1719
1727
1759
1578
1647
1549
1592
1636
1607
1538
1544
1587
1652
1589
1605
1609
1618
1637
1656
1547
1731
1483
1471
1588
1641
1628
1594
1596
1564
1605
1512
1545
1542
1660
1643
1675
1719
1681
1540
1665
1668
1602
1580
1657
1662
1684
1606
1726
1704
1720
1666
1697
1739
1683
1698
1705
1723
1581
1591
1664
1549
1651
1698
1568
1704
1663
1539
1546
1724
1527
1600
1531
1604
1594
1526
1526
1609
1682
1632
1718
1650
1660
1648
1604
1552
1538
1725
1659
1818
1786
1756
1737
1737
1682
1797
1711
1654
1786
1772
1761
1777
1780
1829
1782
1792
1742
1727
1656
1703
1795
1771
1763
1659
1586
1643
1585
1793
1766
1802
1786
1733
1742
1697
1700
1706
1822
1763
1853
1746
1790
1834
1675
1732
1780
1761
1767
1663
1530
1637
1723
1780
1732
1708
1719
1637
1717
1790
1762
1850
1848
1865
1739
1780
1732
1734
1695
1731
1594
1700
1674
1722
1735
1744
1766
1705
1714
1669
1645
1654
1732
1649
1744
1799
1717
1729
1722
1697
1725
1658
1708
1663
1735
1672
1724
1807
1711
1725
1701
1564
1687
1649
1648
1590
1596
1616
1508
1343
1333
1368
1298
1306
1293
1289
1297
1244
1302
1245
1238
1241
1286
1234
1232
1228
1180
1170
1181
1175
1186
1186
1178
1113
1050
1050
1050
1043
1065
1035
1049
1046
1052
1059
1047
1048
1052
1055
1040
1057
1062
1047
1034
1036
1053
1049
1043
1114
1099
1055
1055
1058
1046
1044
1060
1032
1056
1032
1046
1059
1047
1057
1059
1048
1057
1109
1112
1034
1043
1060
1048
1050
1048
1065
1047
1050
1049
1042
1050
1052
1054
1039
1067
1049
1043
1051
1051
1067
1048
1062
1053
1047
1061
1044
1053
1048
1057
1042
1049
1049
1052
1051
1049
1056
1057
1056
1055
1038
1060
1060
1042
1051
1058
1038
1047
1051
1044
1060
1060
1057
1049
1051
1041
1051
1060
1055
1037
1052
1059
1040
1044
1063
1055
1048
1046
1056
1060
1038
1060
1049
1051
1052
1035
1041
1060
1052
1053
1043
1044
1047
1060
1049
1050
1042
1048
1052
1058
1057
1059
1054
1062
1055
1050
1067
1054
1044
1052
1065
1040
1047
1064
1040
1034
1055
990
983
976
986
987
986
984
982
985
987
995
1004
992
978
991
977
989
988
988
987
992
986
997
986
980
993
981
989
989
995
993
991
986
989
988
991
992
979
980
989
995
968
999
991
987
986
989
981
987
986
998
985
992
986
977
986
989
973
984
989
994
964
989
994
1001
979
984
994
971
985
993
981
994
987
1001
1003
976
994
1002
978
988
974
975
984
975
970
987
990
976
978
1001
990
987
993
978
971
978
988
983
988
983
993
1000
996
979
988
997
977
986
980
972
995
993
983
990
989
983
989
984
986
989
990
986
980
995
987
982
971
995
984
996
975
991
995
989
972
994
978
998
1002
989
959
981
992
990
979
977
992
987
967
992
995
984
981
1001
986
972
985
985
982
969
981
987
981
991
986
992
1000
987
969
986
984
989
990
981
980
998
970
999
974
990
997
990
988
984
986
991
978
986
991
985
979
986
987
995
993
991
994
988
987
974
983
984
984
989
992
980
997
986
982
988
980
984
979
984
972
999
988
978
999
993
973
981
976
992
991
982
986
982
990
983
973
969
988
993
987
991
984
983
993
988
979
993
991
981
975
988
1000
1002
980
994
980
1002
972
972
974
974
996
985
991
986
980
981
981
983
992
986
975
1040
1042
1046
1047
1059
1050
1054
1056
1051
1054
1039
1040
1117
1109
1077
1043
1039
1054
1050
1051
1037
1047
1054
1058
1058
1113
1059
1058
1044
1065
1057
1053
1047
1058
1054
1054
1047
1044
1041
1127
1059
1045
1045
1039
1111
1052
1042
1059
1050
1052
1034
1040
1050
1056
1052
1044
1044
1061
1046
1035
1042
1054
1053
1049
1052
1059
1039
1053
1051
1047
1050
1031
1049
1047
1061
1047
1053
1032
1059
1054
1055
1036
1053
1060
1048
1050
1043
1045
1039
1037
1052
1035
1046
1058
1059
1045
975
982
991
966
989
988
986
975
1000
996
977
990
985
993
990
982
990
976
999
994
991
963
985
990
996
984
1001
1001
980
966
984
995
985
985
987
968
977
965
994
987
981
984
982
996
986
988
992
998
970
988
992
987
991
979
997
