2560
2559
2560
2559
2560
2560
2560
2560
2559
2560
2559
2560
2559
2560
2560
2560
2560
2559
2560
2560
2560
2560
2560
2560
2559
2559
2560
2559
2560
2560
2558
2556
2560
2559
2560
2560
2560
2560
2560
2560
2558
2560
2560
2560
2560
2560
2560
2537
2558
2560
2560
2560
2559
2560
2560
2560
2556
2558
2558
2557
2560
2559
2560
2560
2558
2560
2560
2558
2558
2560
2560
2560
2559
2560
2560
2559
2560
2558
2560
2558
2560
2560
2560
2560
2557
2560
2560
2560
2560
2559
2559
2560
2559
2546
2559
2557
2560
2559
2560
2558
2560
2558
2560
2559
2559
2560
2558
2560
2560
2559
2560
2560
2560
2560
2560
2559
2558
2560
2560
2559
2560
2558
2560
2555
2560
2560
2559
2560
2560
2560
2560
2560
2560
2559
2559
2560
2560
2559
2560
2560
2560
2560
2560
2560
2560
2559
2560
2560
2559
2560
2560
2560
2560
2559
2559
2560
2559
2560
2558
2560
2559
2559
2559
2560
2539
2558
2550
2560
2558
2560
2560
2559
2560
2560
2559
2559
2559
2559
2555
2559
2560
2559
2560
2560
2560
2560
2560
2559
2560
2560
2560
2560
2560
2557
2560
2550
2559
2560
2555
2556
2560
2560
2552
2560
2559
2507
2560
2559
2547
2560
2559
2560
2560
2560
2560
2560
2558
2559
2560
2560
2560
2559
2556
2560
2560
2560
2560
2560
2559
2560
2560
2539
2560
2559
2560
2558
2558
2559
2560
2558
2560
2560
2559
2559
2560
2560
2560
2558
2560
2550
2560
2560
2559
2560
2559
2560
2560
2548
2534
2560
2559
2560
2560
2559
2560
2560
2560
2560
2560
2560
2559
2559
2559
2557
2560
2559
2560
2560
2560
2560
2545
2560
2557
2560
2560
2560
2560
2560
2533
2559
2560
2560
2560
2560
2560
2556
2560
2560
2560
2553
2560
2549
2555
2560
2560
2560
2560
2551
2559
2560
2559
2560
2560
2560
2560
2560
2557
2557
2559
2559
2560
2541
2559
2560
2560
2559
2548
2559
2559
2560
2560
2559
2550
2560
2560
2553
2559
2546
2560
2559
2560
2559
2559
2560
2559
2541
2559
2559
2560
2560
2560
2555
2560
2558
2558
2560
2544
2560
2560
2547
2560
2551
2556
2560
2560
2559
2560
2560
2560
2559
2560
2558
2560
2547
2555
2559
2560
2557
2463
2552
2540
2540
2540
2541
2555
2560
2556
2557
2560
2535
2546
2560
2549
2558
2559
2551
2559
2559
2559
2560
2559
2559
2539
2560
2550
2560
2528
2560
2560
2560
2559
2556
2558
2560
2560
2560
2560
2559
2559
2560
2555
2553
2560
2553
2551
2560
2560
2560
2560
2558
2559
2556
2556
2559
2558
2560
2549
2560
2560
2560
2560
2558
2560
2560
2558
2559
2556
2103
2551
2555
2557
2555
2560
2560
2558
2560
2560
2560
2560
2560
2560
2559
2560
2560
2560
2556
2551
2559
2557
2559
2559
2560
2560
2560
2556
2556
2560
2560
2553
2558
2553
2560
2560
2555
2557
2560
2560
2560
2535
2560
2512
2559
2560
2560
2560
2560
2546
2560
2560
2560
2560
2560
2557
2555
2559
2560
2560
2559
2559
2543
2559
2560
2560
2560
2560
2560
2560
2560
2560
2550
2555
2560
2556
2560
2558
2560
2560
2560
2558
2560
2560
2559
2560
2559
2560
2550
2559
2529
2535
2560
2560
2559
2560
2560
2550
2560
2559
2560
2559
2560
2559
2559
2560
2556
2560
2560
2544
2557
2558
2559
2560
2560
2559
2560
2537
2560
2558
2553
2557
2560
2560
2560
2560
2553
2559
2497
2560
2547
2556
2560
2560
2399
2560
2560
2560
2560
2552
2560
2549
2560
2560
2557
2560
2560
2548
2560
2560
2560
2558
2560
2559
2560
2531
2558
2539
2559
2560
2560
2558
2560
2560
2560
2559
2560
2558
2560
2560
2560
2560
2550
2560
2557
2560
2560
2560
2558
2560
2549
2558
2557
2560
2560
2560
2558
2558
2559
2559
2560
2560
2560
2531
2560
2560
2560
2560
2560
2558
2560
2558
2560
2560
2560
2560
2560
2559
2560
2559
2560
2560
2558
2473
2532
2560
2560
2560
2560
2557
2560
2560
2560
2560
2539
2560
2559
2560
2560
2540
2560
2559
2559
2559
2560
2215
2560
2560
2559
2559
2560
2560
2544
2559
2560
2560
2560
2559
2560
2532
2560
2559
2558
2551
2560
2560
2560
2552
2549
2555
2560
2553
2560
2560
2559
2548
2548
2560
2559
2560
2560
2560
2560
2555
2560
2560
2560
2553
2555
2544
2556
2553
2555
2560
2559
2559
2560
2560
2522
2555
2560
2553
2559
2557
2558
2513
2559
2560
2559
2553
2559
2543
2560
2558
2553
2560
2560
2552
2560
2560
2560
2560
2560
2556
2560
2548
2559
2560
2560
2559
2545
2559
2560
2559
2554
2560
2546
2560
2555
2560
2559
2559
2560
2560
2560
2559
2560
2557
2560
2559
2560
2560
2556
2559
2559
2559
2559
2559
2560
2557
2560
2560
2560
