2559
2534
2560
2559
2559
2560
2522
2559
2548
2560
2559
2560
2545
2560
2560
2560
2560
2559
2560
2560
2560
2559
2560
2560
2560
2560
2446
2559
2560
2549
2560
2559
2560
2560
2560
2542
2559
2560
2560
2560
2559
2560
2559
2560
2559
2559
2560
2560
2560
2560
2560
2560
2559
2559
2559
2560
2560
2559
2560
2560
2540
2549
2560
2560
2536
2552
2560
2530
2560
2560
2559
2548
2560
2560
2560
2559
2560
2560
2559
2560
2539
2508
2560
2560
2560
2560
2560
2559
2508
2560
2559
2559
2560
2559
2560
2560
2559
2560
2559
2559
2560
2559
2560
2560
2559
2558
2559
2560
2560
2559
2560
2560
2560
2560
2560
2560
2560
2559
2557
2560
2559
2560
2559
2560
2559
2560
2473
2537
2560
2558
2559
2560
2559
2560
2559
2560
2560
2560
2560
2509
2559
2560
2560
2560
2560
2558
2558
2560
2532
2560
2560
2560
2560
2560
2559
2560
2560
2560
2557
2560
2558
2560
2558
2560
2558
2552
2560
2560
2558
2559
2560
2560
2560
2560
2560
2560
2560
2560
2560
2559
2559
2559
2560
2556
2559
2559
2559
2560
2560
2560
2560
2560
2560
2553
2559
2560
2560
2560
2560
2560
2560
2559
2559
2559
2559
2560
2558
2512
2560
2560
2560
2559
2559
2560
2560
2560
2560
2560
2560
2559
2446
2560
2558
2559
2560
2560
2545
2558
2560
2560
2560
2559
2528
2559
2559
2560
2560
2559
2560
2559
2560
2560
2559
2557
2560
2547
2560
2560
2475
2559
2560
2559
2559
2560
2559
2560
2560
2556
2560
2552
2560
2560
2560
2560
2559
2560
2560
2558
2559
2558
2560
2559
2560
2560
2559
2560
2560
2559
2560
2559
2560
2559
2560
2559
2559
2560
2560
2560
2560
2558
2555
2560
2559
2560
2560
2558
2559
2560
2560
2559
2559
2559
2560
2559
2560
2560
2560
2560
2560
2560
2560
2560
2560
2560
2560
2560
2560
2560
2559
2559
2559
2560
2560
2560
2559
2560
2560
2501
2560
2560
2560
2553
2558
2560
2560
2558
2559
2559
2559
2560
2560
2560
2560
2560
2557
2560
2558
2560
2560
2559
2559
2559
2560
2560
2560
2560
2560
2558
2560
2559
2560
2560
2560
2559
2560
2560
2560
2560
2560
2560
2560
2560
2559
2559
2560
2558
2560
2560
2560
2560
2557
2560
2560
2560
2560
2559
2556
2559
2560
2560
2559
2479
2560
2560
2560
2560
2559
2560
2555
2487
2560
2560
2560
2560
2559
2559
2559
2560
2558
2559
2560
2560
2560
2560
2559
2559
2560
2560
2560
2560
2559
2560
2559
2560
2559
2560
2560
2560
2560
2517
2559
2560
2560
2560
2558
2560
2560
2559
2559
2560
2560
2560
2559
2559
2560
2558
2560
2560
2560
2560
2560
2559
2559
2560
2560
2560
2560
2559
2560
2560
2560
2560
2560
2558
2560
2559
2558
2560
2560
2559
2556
2548
2560
2539
2559
2559
2560
2560
2559
2560
2560
2559
2560
2559
2560
2560
2558
2560
2544
2560
2559
2558
2560
2560
2559
2557
2560
2559
2558
2559
2560
2560
2560
2560
2560
2558
2560
2560
2559
2559
2556
2560
2559
2560
2560
2560
2560
2559
2559
2559
2558
2560
2560
2560
2560
2560
2560
2560
2560
2536
2559
2560
2559
2560
2559
2560
2560
2560
2560
2560
2560
2560
2560
2560
2560
2559
2560
2560
2560
2560
2559
2559
2560
2560
2559
2560
2560
2560
2560
2560
2560
2559
2560
2558
2559
2541
2560
2560
2558
2560
2559
2559
2560
2555
2560
2560
2559
2560
2559
2560
2559
2558
2560
2560
2560
2560
2559
2560
2560
2558
2559
2523
2560
2560
2560
2559
2559
2559
2560
2560
2560
2560
2559
2560
2560
2560
2559
2560
2560
2560
2560
2560
2558
2559
2555
2560
2559
2560
2560
2559
2559
2560
2560
2560
2509
2546
2560
2559
2559
2559
2559
2559
2560
2560
2560
2560
2560
2560
2558
2510
2512
2558
2560
2560
2560
2560
2559
2559
2559
2560
2560
2560
2560
2559
2559
2560
2536
2560
2560
2559
2560
2560
2560
2560
2560
2560
2552
2559
2560
2559
2560
2559
2529
2558
2560
2558
2559
2560
2559
2560
2560
2559
2560
2560
2560
2560
2560
2559
2560
2560
2558
2560
2560
2559
2558
2558
2560
2560
2560
2559
2560
2560
2559
2527
2559
2560
2560
2560
2559
2560
2559
2558
2560
2560
2560
2559
2560
2560
2559
2559
2560
2559
2560
2560
2556
2560
2558
2560
2518
2555
2560
2560
2560
2560
2560
2560
2559
2555
2560
2556
2560
2560
2560
2560
2560
2560
2560
2560
2560
2560
2560
2560
2560
2560
2560
2557
2560
2560
2560
2462
2560
2559
2559
2560
2560
2560
2486
2560
2560
2559
2559
2558
2512
2558
2560
2560
2560
2559
2560
2559
2559
2559
2560
2560
2559
2536
2559
2560
2559
2559
2560
2559
2560
2560
2560
2558
2559
2560
2559
2560
