2560
2560
2558
2560
2559
2560
2520
2559
2560
2560
2523
2560
2486
2560
2490
2560
2485
2560
2531
2558
2560
2559
2545
2560
2519
2560
2560
2337
2464
2560
2560
2540
2560
2559
2560
2559
2559
2560
2559
2559
2560
2560
2559
2560
2545
2549
2560
2559
2559
2557
2560
2451
2521
2560
2519
2491
2560
2264
2560
2559
2559
2396
2559
2560
2559
2559
2546
2502
2254
2560
2560
2559
2428
2559
2503
2560
2560
2560
2528
2560
2532
2560
2559
2560
2560
2558
2560
2559
2413
2560
2473
2559
2560
2560
2560
2462
2559
2559
2560
2559
2448
2535
2558
2560
2560
2559
2560
2560
2560
2555
2559
2559
2560
2559
2560
2432
2537
2560
2559
2440
2559
2460
2560
2560
2530
2559
2559
2559
2560
2549
2559
2469
2559
2493
2559
2559
2495
2559
2560
2560
2559
2558
2560
2560
2560
2417
2559
2560
2560
2560
2527
2560
2418
2558
2560
2401
2546
2560
2560
2559
2546
2560
2555
2560
2560
2560
2559
2466
2560
2560
2560
2557
2560
2560
2560
2560
2554
2559
2559
2559
2560
2560
2560
2434
2465
2560
2560
2560
2554
2559
2550
2560
2559
2512
2519
2559
2560
2560
2560
2480
2560
2560
2559
2560
2560
2560
2559
2560
2560
2560
2541
2560
2559
2559
2560
2543
2560
2492
2560
2543
2560
2557
2559
2560
2559
2541
2560
2560
2560
2452
2560
2559
2560
2552
2560
2558
2558
2559
2560
2560
2557
2415
2560
2560
2548
2559
2559
2558
2560
2497
2560
2559
2526
2560
2559
2560
2528
2560
2560
2560
2539
2560
2560
2560
2559
2560
2559
2559
2531
2543
2470
2560
2514
2560
2559
2560
2560
2462
2560
2539
2560
2560
2560
2545
2367
2494
2560
2560
2560
2402
2560
2560
2560
2485
2560
2559
2560
2560
2559
2560
2560
2560
2560
2560
2517
2560
2469
2558
2560
2560
2348
2560
2559
2523
2559
2559
2560
2560
2532
2560
2502
2559
2559
2559
2560
2560
2558
2449
2541
2546
2548
2519
2527
2490
2560
2560
2560
2528
2560
2560
2472
2560
2559
2560
2559
2560
2528
2560
2560
2560
2458
2560
2513
2560
2560
2420
2548
2560
2536
2560
2464
2487
2560
2546
2560
2560
2559
2467
2560
2559
2559
2559
2560
2560
2560
2559
2560
2560
2559
2560
2560
2559
2560
2560
2560
2413
2560
2560
2560
2560
2528
2532
2560
2560
2204
2560
2560
2559
2560
2559
2559
2536
2560
2439
2468
2546
2560
2413
2560
2555
2497
2557
2559
2560
2545
2560
2560
2560
2414
2560
2559
2559
2292
2559
2560
2560
2345
2538
2560
2560
2560
2560
2560
2559
2560
2560
2559
2559
2333
2560
2560
2560
2541
2560
2375
2560
2559
2532
2560
2505
2560
2476
2560
2559
2560
2560
2549
2560
2560
2347
2528
2560
2559
2551
2560
2410
2374
2517
2402
2551
2509
2560
2460
2559
2544
2560
2559
2500
2559
2559
2560
2560
2560
2558
2560
2505
2560
2560
2559
2557
2560
2560
2560
2560
2401
2559
2560
2559
2559
2510
2560
2560
2430
2560
2560
2438
2560
2560
2542
2560
2553
2560
2427
2560
2559
2559
2560
2560
2560
2559
2560
2560
2560
2559
2560
2560
2560
2560
2552
2560
2559
2489
2548
2560
2560
2560
2560
2560
2560
2560
2560
2560
2560
2209
2560
2560
2560
2522
2560
2543
2545
2422
2560
2560
2560
2559
2559
2560
2560
2432
2560
2479
2560
2560
2493
2438
2468
2494
2559
2560
2560
2560
2316
2559
2422
2560
2560
2559
2559
2560
2559
2560
2341
2560
2560
2328
2560
2560
2438
2560
2558
2560
2560
2518
2532
2559
2560
2560
2560
2560
2560
2557
2560
2389
2560
2559
2322
2560
2560
2556
2560
2559
2428
2392
2559
2553
2559
2559
2559
2559
2504
2560
2560
2560
2560
2560
2558
2560
2514
2560
2560
2560
2560
2560
2560
2560
2560
2559
2560
2559
2560
2550
2560
2560
2560
2559
2559
2560
2560
2558
2559
2496
2559
2560
2256
2560
2560
2560
2560
2560
2559
2559
2559
2560
2560
2558
2560
2560
2560
2378
2413
2540
2559
2529
2560
2560
2560
2560
2559
2559
2383
2499
2560
2559
2329
2560
2560
2560
2560
2559
2560
2201
2560
2559
2559
2162
2560
2553
2559
2560
2560
2560
2461
2421
2560
2559
2560
2553
2558
2560
2503
2492
2560
2528
2560
2502
2560
2543
2558
2560
2560
2560
2560
2411
2560
2560
2560
2560
2560
2560
2476
2559
2560
2560
2560
2560
2560
2560
2559
2524
2539
2506
2560
2560
2556
2560
2560
2560
2560
2558
2560
2560
2536
2504
2560
2560
2473
2560
2560
2560
2560
2560
2556
2560
2380
2560
2560
2560
2559
2559
2560
2559
2560
2559
2560
2559
2560
2560
2560
2560
2560
2560
2560
2560
2559
2559
2560
2560
2558
2560
2560
2560
2559
2560
2459
2559
2560
2559
2560
2559
