670
670
694
694
692
694
670
711
711
710
711
711
710
710
710
711
711
711
711
710
711
711
710
710
711
711
711
711
711
711
711
711
711
710
710
711
712
711
711
711
710
711
712
711
711
711
704
705
705
705
705
705
704
705
699
705
705
705
704
705
705
703
705
705
705
706
705
705
704
705
705
698
705
705
706
705
705
699
705
705
705
703
705
705
705
705
640
704
702
705
705
702
705
705
705
705
705
705
704
705
700
705
705
705
705
705
706
703
705
705
705
705
705
705
704
705
705
705
705
705
705
705
690
705
705
705
695
698
706
706
706
706
706
706
705
706
706
706
706
706
706
705
706
706
705
706
706
705
706
706
706
705
706
706
706
706
705
707
707
708
707
706
707
706
706
708
707
707
707
707
707
705
705
707
707
707
707
707
707
705
707
707
707
707
706
706
707
707
708
707
707
708
707
706
708
707
702
706
707
707
707
706
707
707
707
707
707
707
707
705
707
707
707
707
707
707
707
707
706
707
707
707
708
707
706
707
707
707
705
708
708
707
706
707
707
707
707
707
707
707
707
706
707
706
707
706
707
707
707
707
707
706
707
707
706
707
706
707
707
707
707
707
707
707
696
707
707
707
707
707
707
707
707
707
707
707
707
707
702
707
707
706
707
707
706
700
732
732
731
732
731
732
732
732
732
732
731
730
732
732
732
728
732
732
732
732
732
732
731
732
730
732
731
732
731
731
731
732
732
731
730
732
732
732
732
731
732
732
732
732
732
732
732
732
731
725
731
731
729
730
732
732
732
731
732
732
732
732
732
732
732
731
732
732
732
732
732
730
732
732
732
731
731
732
731
732
732
731
732
732
732
732
732
731
727
700
732
731
731
711
732
731
732
731
732
732
732
730
732
732
731
731
732
732
732
733
731
731
732
732
732
731
734
732
728
732
732
731
732
732
732
732
729
731
732
730
731
732
729
732
730
732
732
732
732
732
730
732
732
732
731
730
732
732
731
732
732
732
732
726
732
732
726
731
732
732
730
732
728
732
732
732
730
732
732
732
730
732
728
732
732
731
732
731
732
730
732
732
732
732
732
732
732
732
732
732
729
731
732
729
732
728
732
732
731
728
731
731
729
732
732
732
732
731
732
732
732
732
732
732
706
731
732
732
677
756
757
756
757
757
755
757
757
757
757
757
757
757
757
757
756
757
757
757
757
757
715
748
754
757
756
757
757
756
757
680
757
757
757
757
757
757
757
756
756
757
757
756
755
751
753
757
754
756
757
752
756
757
757
757
750
757
757
757
756
757
757
756
757
757
756
756
757
757
755
756
757
757
757
756
756
757
757
757
757
757
757
756
757
753
756
757
757
757
757
757
757
756
755
757
756
756
757
757
757
757
757
754
757
744
756
757
757
756
754
757
757
756
753
757
757
757
756
757
756
754
757
757
754
757
756
757
757
757
757
721
766
697
721
613
613
820
822
821
821
821
821
821
821
821
813
821
821
816
821
821
821
821
819
819
822
821
821
767
682
759
792
776
814
841
842
843
843
843
842
843
842
842
843
843
843
841
843
841
843
836
843
842
843
843
833
843
842
842
842
843
842
842
842
843
843
839
835
841
842
841
843
843
843
844
843
841
843
843
843
843
843
840
843
843
840
843
843
843
842
841
843
843
843
843
843
843
843
842
842
828
843
843
843
842
842
843
841
843
843
842
843
843
842
838
839
840
841
843
841
842
843
840
843
843
844
843
842
843
842
839
843
843
843
843
844
841
841
843
843
843
843
843
843
843
843
843
838
843
843
843
843
840
842
843
839
843
837
843
842
843
841
843
843
841
