1281
1280
1264
1272
1265
1259
1255
1265
1252
1258
1258
1269
1248
1252
1277
1267
1200
1252
1268
1257
1239
1270
1283
1251
1196
1159
1123
1263
1253
1286
1256
1265
1276
1263
1266
1253
1017
1250
1262
1268
1260
1044
1181
1246
1254
1260
955
1007
1261
1273
1270
1022
953
1272
1260
1254
1254
1259
1254
1239
1193
1260
1256
1263
1100
1177
614
907
997
1099
956
272
857
16
22
13
192
48
106
41
382
13
55
438
1106
941
208
25
29
172
873
781
14
44
63
344
475
28
282
142
54
272
591
17
483
780
49
17
113
287
757
1085
702
1238
1257
1021
1252
1265
1270
1232
1265
1243
1021
774
1259
1253
1276
1104
762
1193
1243
1273
1197
1059
1263
1279
1266
1258
1197
1257
1236
1264
1254
1233
1259
1212
1246
1204
1270
1248
1270
1254
1147
1258
1243
1097
1187
1239
1275
1259
1090
791
412
236
252
16
16
14
14
13
16
16
14
73
30
26
18
27
20
15
65
24
21
226
30
143
18
26
37
15
31
31
17
29
16
25
22
58
293
20
36
85
450
19
44
225
115
23
28
26
25
19
429
15
23
212
302
39
376
20
31
462
1052
1078
1203
1193
1258
1242
1244
1251
1247
1262
1252
1252
1262
1266
1149
1275
1253
1242
1274
1251
1239
1246
1246
1266
1190
1155
1262
1261
1253
1263
1263
1200
1244
1246
1265
1263
1214
1266
1248
1275
1232
1107
1088
1254
1243
1257
1253
1269
1099
201
17
32
23
19
17
15
16
192
14
11
15
14
78
27
16
30
17
17
20
17
14
34
42
153
11
23
253
149
23
18
17
87
146
28
13
27
85
27
56
23
39
91
14
14
17
124
487
898
1258
1138
1284
1274
1274
1271
1272
1270
1254
1260
1274
1269
1250
1265
1256
1252
1269
1173
1262
1264
1250
1260
1263
1257
1254
1277
1284
1270
1278
1234
1236
1247
1075
637
1002
663
41
21
78
16
38
118
19
12
12
35
9
19
147
15
10
54
25
13
18
27
13
13
62
22
22
18
211
30
14
18
582
1267
1282
1217
1153
1252
1255
1241
1261
1267
1272
1255
1242
1263
1265
1264
1268
1267
1278
1260
1235
1255
1256
1276
1184
1243
1258
1269
1241
1263
1266
1261
1233
1254
1261
1256
1189
778
820
491
669
23
24
18
18
22
12
24
14
21
16
17
25
25
30
23
22
17
23
16
17
15
15
21
50
29
13
18
334
830
690
701
1226
1257
1286
1257
1273
1279
1271
823
1076
1071
1281
1263
1180
1257
1255
910
444
305
10
12
14
31
12
10
6
11
10
12
11
16
12
14
13
31
13
12
17
19
23
18
26
13
14
11
16
14
10
16
18
39
15
16
16
11
65
15
11
15
94
40
17
15
16
16
26
15
14
12
16
73
430
914
400
389
720
760
1078
1272
1255
1211
1081
1272
1225
1058
1000
1215
943
1157
1254
1247
1164
425
863
1219
846
354
573
843
300
20
11
10
8
36
25
13
12
15
19
20
19
11
14
13
53
11
17
14
14
17
19
28
37
14
17
19
91
13
12
16
11
63
13
15
14
13
14
77
16
16
9
16
45
31
17
18
57
11
12
17
16
17
35
14
17
9
12
30
432
701
374
602
833
1246
1257
1261
1239
1253
1260
1259
1248
1238
1268
1257
961
1197
1262
1279
1255
1243
1247
1256
1144
1054
1260
1264
1264
1098
1212
1084
1257
1270
1293
1255
954
690
1265
1209
1082
1068
452
29
15
11
57
10
11
14
13
7
16
25
9
11
12
14
19
21
15
13
14
9
13
8
12
11
12
13
12
14
14
16
17
10
20
48
155
18
21
38
155
14
13
10
13
9
11
12
5
11
12
14
29
247
10
10
22
154
282
10
19
21
42
18
15
16
28
98
72
17
12
20
14
46
16
16
13
10
32
15
22
13
13
19
356
728
822
90
16
43
211
431
580
485
797
234
17
229
861
1267
1083
1265
1265
883
1256
1275
1110
968
1088
524
21
15
25
10
10
11
15
12
13
14
15
11
12
14
15
12
12
13
17
11
12
13
11
14
13
13
13
10
14
11
9
13
