620
620
598
598
598
598
576
588
587
587
587
588
587
585
586
587
587
586
587
587
586
587
587
587
587
587
586
587
587
587
587
587
587
586
587
587
586
587
587
587
587
587
587
587
587
587
593
593
593
593
593
593
593
593
588
592
593
593
593
593
593
593
593
593
593
592
592
593
593
593
592
585
593
593
593
592
593
586
593
593
593
592
593
592
593
593
527
593
592
593
593
589
593
593
593
593
593
593
592
592
589
593
593
593
593
593
593
591
593
593
593
593
593
593
593
593
593
592
593
593
593
593
578
593
593
593
583
582
590
590
590
590
590
590
590
590
589
590
590
589
590
590
590
589
590
590
590
589
590
589
590
589
590
590
590
590
590
599
599
599
599
595
599
599
599
599
599
599
599
599
599
596
598
599
599
599
599
599
599
599
598
599
599
599
599
599
599
599
599
599
599
598
599
599
598
598
594
598
599
599
599
599
598
599
599
599
599
599
599
598
599
599
599
597
599
599
599
599
599
599
598
599
599
599
599
599
599
599
599
598
599
599
599
599
599
598
599
599
600
600
599
599
599
599
599
599
599
599
599
599
599
600
599
599
599
599
599
599
598
599
598
599
599
599
588
599
599
599
599
599
599
599
598
599
599
599
599
599
595
599
599
599
599
597
598
588
621
621
621
621
620
621
621
621
621
621
621
620
621
621
621
617
620
618
621
621
621
620
621
621
621
621
621
621
621
621
621
621
621
621
621
620
621
621
621
621
621
620
621
621
621
621
621
621
621
618
621
621
621
621
620
621
621
621
622
621
621
621
621
621
621
622
621
621
621
621
622
620
621
621
621
621
621
621
621
620
621
621
621
621
621
621
621
621
617
586
620
621
622
602
620
621
621
620
621
621
621
621
621
621
620
621
621
621
621
621
621
621
621
621
618
621
622
621
617
621
621
621
621
621
621
621
619
621
620
620
621
621
618
621
621
621
621
621
621
620
621
621
621
621
622
620
621
621
621
621
621
621
621
616
621
620
614
621
621
621
621
621
618
620
620
621
619
621
619
621
621
621
618
621
621
620
621
621
620
622
621
622
621
621
620
621
621
621
621
621
619
621
621
619
621
618
621
621
620
617
621
621
620
621
621
620
621
621
621
621
621
621
621
621
596
619
620
621
566
639
639
639
638
639
640
639
639
638
639
639
639
639
638
639
639
639
639
639
639
638
597
630
638
639
639
639
639
639
639
562
639
639
639
639
639
639
639
637
639
638
639
639
638
634
638
639
638
636
639
634
639
639
639
639
633
639
639
639
639
640
639
639
639
639
639
639
639
639
637
639
639
639
639
639
640
639
639
639
639
639
639
638
639
635
639
638
639
638
640
639
638
639
638
639
639
639
639
639
638
639
639
637
639
627
639
638
639
638
637
639
639
639
636
639
639
639
639
639
639
636
639
639
639
638
639
639
638
638
639
604
602
534
560
461
461
659
660
660
660
660
659
660
659
660
655
660
660
656
659
660
660
660
657
658
660
660
660
601
520
580
611
599
639
663
665
666
665
665
663
665
664
666
666
666
665
664
665
666
665
659
666
666
666
666
660
665
664
664
664
666
665
665
666
666
666
660
658
665
664
664
666
666
666
665
666
664
666
666
666
666
666
663
666
665
662
666
664
666
665
664
665
667
666
666
666
665
666
666
666
653
666
666
666
664
665
664
664
666
666
666
666
666
666
661
662
664
665
666
665
665
667
662
666
666
665
666
666
666
667
662
664
665
666
666
666
666
664
666
666
665
666
666
665
666
666
665
661
666
667
667
666
663
664
666
662
666
660
667
665
666
664
665
666
663
