22
17
11
14
20
27
12
29
20
13
66
10
20
46
15
15
16
21
18
23
102
31
18
21
13
102
299
12
22
124
10
17
16
21
30
37
11
21
16
14
169
321
18
18
23
189
103
88
42
11
20
209
18
27
14
19
15
185
21
13
23
17
24
31
19
16
50
20
26
18
45
21
166
61
178
28
23
14
24
24
126
18
22
16
18
353
277
117
631
524
716
923
1252
1282
984
1264
1266
1255
1077
1262
1266
1055
1235
1261
1227
1243
1270
1263
1235
1217
1260
1274
1265
1220
1192
1264
1027
1272
1255
1238
1270
1261
1267
1254
1260
1045
1011
1259
1271
947
1267
1210
1060
1253
1260
1246
1261
1114
952
1244
1257
1177
1249
830
390
1248
1274
1226
797
1254
1237
1222
958
1143
915
632
1177
1228
1240
808
29
159
265
207
15
20
16
13
22
74
11
10
22
78
12
20
84
14
13
9
21
150
16
15
19
15
34
19
22
26
24
10
14
228
12
19
93
26
26
17
193
26
26
22
18
26
102
13
25
17
24
17
38
20
15
67
181
116
43
51
17
28
27
32
17
25
18
22
19
341
1106
1230
1267
1257
1256
1265
1275
1267
1289
1267
1261
1253
1269
1202
1272
1299
1243
1275
1253
1260
1238
1251
1275
1252
1049
1257
1252
1233
1209
1252
1158
828
1252
1272
1270
1270
1266
1248
1227
1252
1219
962
1267
1266
1225
493
214
18
48
16
29
28
13
14
20
15
101
14
21
14
18
70
16
16
24
21
13
21
22
14
20
16
17
107
7
21
28
12
16
27
22
34
16
35
17
10
23
18
303
386
54
27
13
28
14
110
729
1256
1259
1282
1267
1262
1261
1261
1260
1240
1260
1270
1243
1281
1254
1262
1230
1255
1264
1262
1285
1261
1150
1123
1263
1274
1278
1011
742
1247
1270
1189
1080
1274
1280
1229
999
883
1067
1282
1275
1244
1282
1253
1256
1260
1243
1232
1254
1267
1157
763
591
820
971
696
12
20
50
14
16
10
15
21
27
13
14
21
22
61
9
19
15
22
13
10
19
11
17
20
21
24
21
15
66
15
26
13
21
311
759
1031
740
596
1269
1274
1269
1254
1274
1285
1251
1247
1260
1264
1263
1260
1268
1262
1257
1288
896
958
1243
1120
1248
1256
1263
1005
1254
1248
962
1251
1267
1126
1201
1253
1262
1235
1217
1259
1260
1270
1265
1274
1263
1263
1193
1247
1271
1242
1281
1260
1206
1257
1281
1268
1287
1260
1268
1271
1284
1265
1268
1236
1268
1267
1262
1274
1274
1277
1269
1290
1264
1262
1264
1272
1264
1261
1277
1274
1249
1280
1252
1272
1250
1264
1256
1262
1271
1265
1148
346
336
13
241
609
16
49
268
796
38
157
750
313
870
1235
1277
1268
1278
1260
1277
1277
1279
1260
1288
1263
1253
1261
1257
1253
1263
1277
1257
1256
1283
1284
1259
1271
1275
1279
1269
1256
1270
1281
1249
1255
1258
1262
1258
1259
1275
1243
1236
1276
1116
1260
1266
1268
1236
1252
1022
1275
1272
1276
1271
1262
1257
1242
1258
1257
1261
1162
1283
1268
1254
897
469
443
24
179
27
8
25
451
20
26
12
12
9
92
16
42
23
23
111
655
370
18
18
384
84
66
470
16
22
21
553
388
43
298
156
35
148
494
390
193
355
470
578
1268
1271
1280
1262
1293
1267
1251
1262
1259
1269
1283
1276
1267
1252
1264
1255
1259
1275
1287
1271
1251
1276
1259
1285
1270
1269
1279
1251
1269
1278
1267
1281
1262
1258
1261
1237
1262
1292
1266
1262
1262
1262
1267
1271
1263
1253
1274
1253
1250
1227
1253
1260
1260
1017
414
120
215
80
14
15
23
13
18
160
14
13
19
31
34
332
14
29
19
11
367
884
1263
1260
1260
1252
1280
1255
1244
1253
1251
1274
1270
1254
1268
1257
1256
1282
1267
1269
1273
1254
1286
1249
1265
1277
1259
1263
1270
1284
1273
1285
1259
1188
1246
1257
1270
1255
1264
1279
1266
1262
1288
1283
1254
1274
1272
1301
1295
1283
1256
1247
1243
1236
1282
1244
1264
1266
1263
1005
983
1260
1266
1266
1280
1262
1197
824
377
1008
1129
604
463
942
581
825
711
525
360
16
88
121
30
15
237
136
107
18
65
16
15
102
485
9
81
105
66
20
285
153
23
