1500
1514
1421
1342
1418
1472
1469
1481
1536
1476
1464
1414
1418
1598
1595
1531
1548
1464
1530
1468
1601
1589
1577
1617
1515
1491
1504
1490
1479
1467
1437
1562
1490
1410
1423
1434
1427
1427
1525
1527
1437
1404
1407
1448
1499
1444
1424
1417
1359
1351
1358
1405
1491
1518
1473
1468
1473
1471
1494
1369
1490
1546
1525
1499
1487
1475
1601
1459
1418
1487
1420
1559
1539
1482
1615
1603
1552
1537
1599
1645
1687
1659
1566
1631
1666
1661
1663
1763
1729
1661
1576
1599
1580
1543
1519
1516
1666
1554
1419
1495
1571
1577
1623
1597
1622
1541
1460
1476
1499
1530
1526
1421
1427
1430
1425
1409
1429
1422
1434
1425
1406
1486
1418
1350
1348
1356
1346
1358
1355
1400
1361
1344
1367
1362
1364
1363
1355
1383
1362
1357
1374
1450
1382
1400
1465
1483
1510
1552
1557
1513
1501
1443
1412
1572
1540
1617
1499
1597
1599
1556
1554
1537
1567
1586
1470
1548
1551
1531
1429
1393
1353
1408
1404
1342
1355
1299
1222
1361
1347
1344
1357
1341
1349
1335
1353
1292
1354
1316
1326
1338
1277
1352
1356
1334
1359
1347
1326
1354
1353
1353
1357
1351
1349
1341
1348
1290
1222
1215
1227
1288
1290
1327
1350
1338
1349
1298
1353
1355
1356
1299
1293
1289
1280
1297
1300
1338
1286
1292
1291
1301
1271
1331
1304
1286
1279
1276
1286
1299
1285
1341
1271
1237
1297
1285
1303
1304
1287
1286
1295
1291
1290
1308
1306
1282
1297
1232
1221
1289
1227
1224
1227
1250
1218
1229
1243
1243
1246
1246
1234
1236
1232
1240
1231
1238
1233
1227
1213
1218
1222
1222
1219
1226
1228
1242
1238
1235
1245
1239
1239
1287
1177
1165
1165
1167
1168
1176
1176
1157
1180
1167
1169
1177
1168
1175
1168
1190
1177
1174
1164
1189
1169
1171
1216
1181
1167
1158
1177
1179
1175
1177
1159
1168
1174
1171
1180
1176
1176
1178
1177
1164
1173
1184
1196
1170
1185
1173
1173
1153
1187
1178
1162
1176
1174
1177
1159
1167
1179
1188
1172
1163
1192
1176
1182
1165
1162
1167
1183
1189
1170
1177
1198
1179
1164
1182
1160
1171
1184
1186
1189
1169
1167
1169
1184
1171
1181
1157
1177
1181
1181
1171
1185
1179
1177
1176
1181
1177
1168
1179
1170
1172
1188
1179
1184
1191
1184
1238
1244
1237
1237
1232
1237
1249
1226
1232
1243
1233
1244
1244
1232
1222
1241
1228
1242
1232
1234
1237
1243
1243
1224
1229
1235
1233
1224
1249
1212
1236
1240
1251
1222
1238
1241
1242
1234
1233
1245
1228
1250
1238
1237
1253
1228
1251
1253
1242
1241
1241
1237
1246
1240
1249
1249
1242
1235
1248
1246
1237
1238
1240
1235
1229
1236
1237
1247
1226
1239
1242
1238
1245
1233
1230
1240
1238
1247
1242
1239
1242
1227
1234
1234
1234
1222
1241
1232
1233
1240
1246
1221
1241
1212
1242
1242
1232
1233
1231
1246
1240
1228
1238
1248
1234
1228
1226
1255
1241
1243
1229
1249
1236
1231
1234
1239
1238
1208
1249
1241
1236
1228
1248
1219
1239
1249
1239
1235
1243
1231
1234
1237
1240
1225
1219
1233
1237
1232
1227
1247
1247
1226
1244
1244
1229
1243
1226
1231
1241
1254
1230
1247
1250
1247
1226
1223
1219
1221
1245
1244
1237
1239
1237
1231
1239
1249
1234
1167
1189
1178
1170
1169
1171
1162
1181
1191
1182
1178
1162
1187
1176
1174
1183
1177
1180
1176
1155
1176
1190
1168
1188
1162
1176
1185
1161
1159
1187
1169
1178
1181
1190
1173
1177
1182
1174
1180
1183
1167
1171
1177
1190
1183
1178
1162
1176
1182
1189
1168
1171
1178
1173
1177
1166
1181
1179
1184
1181
1175
1182
1182
1184
1169
1162
1168
1191
1184
1171
1177
1173
1168
1183
1184
1157
1166
1190
1174
1173
1180
1178
1247
1228
1246
1238
1240
1232
1242
1221
1232
1239
1236
1228
1242
1234
1237
1240
1246
1234
1232
1247
1236
1247
1222
1248
1232
1251
1231
1227
1248
1218
1224
1239
1247
1230
1236
1233
1236
1239
1235
1228
1225
1242
1230
1233
1233
1238
1227
1251
1233
1249
1250
1242
1233
1233
1227
1229
1231
1234
1236
1226
1224
1234
1253
1244
1234
1220
1243
1247
1220
1236
1235
1238
1229
1239
1242
1247
1233
1230
1231
1233
1226
1240
1244
1232
1249
1227
1237
1240
1244
1166
1167
1179
1163
1173
1171
1176
1177
1172
1168
1157
1160
1179
1158
1178
1165
1166
1179
1173
1156
1178
1177
1177
1166
1172
1180
1152
1163
1158
1165
1166
1168
1168
1169
1170
1158
1167
1155
1173
1185
1170
1165
1182
1173
1158
1160
1174
1181
1171
1160
1164
1170
1177
1159
1175
1179
1166
1174
1159
1169
1168
1156
1170
1167
1169
1164
1174
