635
635
635
635
634
635
635
635
635
635
635
635
635
635
635
635
635
634
635
635
635
635
635
635
635
635
635
635
635
635
636
635
635
635
635
635
634
635
635
635
635
635
635
635
635
635
635
629
635
635
635
635
634
635
635
635
634
635
635
634
635
635
635
634
635
634
634
633
634
634
634
634
634
634
634
634
633
634
633
634
633
634
634
633
633
634
633
634
631
631
632
632
633
629
630
631
632
631
632
626
628
627
628
628
627
628
628
628
628
628
628
626
628
628
628
626
627
628
628
628
628
628
628
627
628
628
628
628
628
627
628
628
628
636
636
636
636
636
636
635
636
636
636
635
636
636
636
636
636
635
636
636
636
637
636
636
636
636
636
636
636
636
635
741
736
741
739
741
741
741
741
741
741
741
741
741
741
741
739
740
741
741
741
741
741
741
741
741
741
741
741
741
741
739
741
737
741
740
740
740
741
741
739
741
741
728
742
740
738
741
741
740
741
741
741
741
741
741
741
741
740
740
740
741
741
741
741
741
740
741
741
738
741
740
741
740
741
741
741
741
742
741
741
741
740
740
741
741
741
739
741
741
741
741
741
741
741
737
734
741
742
741
741
741
741
741
740
741
741
741
741
741
740
740
741
741
742
741
739
741
737
742
740
741
741
741
739
741
732
742
741
741
741
741
741
740
741
741
741
739
741
740
741
741
741
741
741
737
740
741
741
741
741
741
741
741
740
743
741
739
740
736
741
742
741
739
737
741
740
741
741
741
739
742
740
739
741
738
741
741
741
741
741
741
741
737
741
741
741
742
740
740
741
741
741
741
737
740
741
738
740
739
740
741
741
741
741
741
741
740
741
741
741
738
742
741
741
741
720
739
735
735
735
740
740
741
741
740
741
737
740
741
738
741
741
740
740
741
740
741
741
741
735
741
740
741
733
741
741
741
741
740
741
741
741
741
741
740
741
741
739
739
741
738
739
741
741
741
741
741
741
740
742
741
740
741
737
741
740
741
741
741
741
741
741
741
740
638
752
753
754
753
754
754
752
753
754
753
754
754
754
754
754
754
753
754
752
754
753
754
754
754
754
753
753
753
754
753
752
753
752
754
754
753
754
755
753
754
747
754
742
754
755
753
754
754
751
754
754
754
754
753
753
754
754
754
754
753
754
750
754
754
754
754
754
754
754
754
754
752
753
754
753
754
753
752
754
754
754
754
754
754
754
754
754
752
754
746
748
753
754
754
754
754
752
754
753
753
754
754
753
754
754
753
754
754
749
754
753
753
754
754
754
754
747
754
755
752
753
754
754
754
754
753
754
735
754
752
753
754
754
714
754
754
755
754
753
754
752
754
754
753
754
753
751
754
754
754
754
754
754
754
751
754
754
754
753
753
754
754
754
754
754
754
754
754
754
753
754
752
754
754
754
754
754
754
754
751
754
754
754
754
755
754
754
753
754
755
752
754
750
754
754
754
754
754
754
754
754
754
753
753
754
754
754
754
754
754
753
754
745
759
768
768
768
767
767
766
768
768
765
762
768
767
768
768
763
768
768
768
768
768
690
768
768
768
768
768
768
766
768
768
768
768
768
768
761
767
767
766
765
767
768
768
767
765
766
766
764
768
767
768
765
765
767
768
767
768
767
768
768
768
768
768
766
767
763
767
766
767
768
767
768
768
768
763
767
767
766
768
767
768
753
766
766
766
764
766
761
766
766
764
766
766
766
766
766
766
766
766
765
766
762
766
766
765
766
763
766
766
766
765
766
764
766
765
765
766
766
765
766
766
766
766
765
765
766
766
766
765
765
766
766
766
766
766
765
766
767
766
