2560
2560
2560
2556
2559
2560
2560
2560
2560
2558
2560
2560
2560
2559
2536
2559
2560
2560
2560
2560
2560
2560
2560
2560
2560
2558
2560
2560
2559
2560
2560
2560
2559
2560
2556
2559
2560
2555
2559
2560
2560
2558
2560
2559
2560
2559
2557
2557
2558
2560
2559
2560
2559
2560
2560
2560
2560
2560
2560
2516
2560
2560
2560
2560
2559
2560
2558
2560
2560
2560
2560
2551
2560
2560
2554
2560
2560
2560
2560
2560
2558
2560
2560
2560
2559
2551
2559
2560
2559
2560
2560
2560
2560
2560
2559
2546
2559
2560
2560
2557
2560
2559
2560
2560
2560
2559
2560
2560
2560
2560
2559
2560
2558
2557
2560
2555
2558
2559
2560
2560
2559
2558
2560
2560
2560
2559
2559
2560
2559
2560
2560
2560
2560
2560
2545
2560
2560
2557
2560
2560
2560
2560
2559
2560
2560
2554
2560
2560
2544
2560
2560
2560
2560
2560
2557
2560
2560
2560
2558
2560
2560
2560
2557
2559
2560
2560
2541
2559
2559
2557
2559
2555
2558
2560
2560
2560
2560
2560
2560
2556
2559
2560
2558
2560
2560
2560
2559
2560
2559
2559
2560
2557
2559
2560
2560
2559
2559
2560
2560
2559
2559
2560
2560
2559
2560
2560
2559
2560
2560
2559
2560
2560
2560
2539
2560
2559
2558
2560
2559
2560
2559
2560
2559
2560
2560
2560
2552
2539
2551
2560
2560
2559
2559
2560
2558
2560
2560
2559
2560
2560
2560
2557
2560
2559
2560
2559
2560
2560
2559
2560
2554
2560
2559
2559
2558
2560
2560
2560
2550
2560
2560
2560
2560
2559
2560
2560
2560
2559
2560
2559
2558
2558
2438
2485
2384
2560
2560
2559
2560
2559
2559
2560
2560
2560
2560
2560
2560
2560
2559
2559
2557
2559
2560
2560
2560
2560
2560
2560
2559
2560
2560
2559
2558
2552
2560
2559
2559
2560
2560
2560
2560
2552
2560
2560
2560
2560
2560
2560
2560
2560
2560
2560
2559
2559
2560
2560
2558
2560
2559
2558
2560
2560
2560
2558
2560
2560
2560
2560
2560
2560
2548
2560
2560
2559
2559
2560
2560
2559
2560
2560
2560
2557
2556
2557
2560
2560
2560
2529
2559
2559
2560
2559
2560
2558
2560
2560
2559
2560
2560
2559
2559
2559
2560
2560
2560
2560
2559
2560
2560
2559
2560
2560
2559
2560
2560
2560
2560
2560
2560
2560
2558
2560
2538
2560
2560
2558
2559
2560
2555
2557
2559
2560
2557
2560
2560
2560
2559
2541
2560
2560
2560
2559
2560
2559
2560
2559
2560
2560
2557
2559
2560
2560
2560
2558
2560
2560
2560
2560
2560
2560
2559
2560
2558
2560
2560
2560
2560
2559
2560
2560
2560
2560
2558
2559
2558
2559
2557
2559
2559
2560
2560
2559
2560
2560
2560
2560
2560
2560
2559
2560
2560
2559
2556
2558
2560
2560
2560
2560
2560
2560
2560
2557
2559
2560
2560
2556
2560
2560
2560
2560
2560
2549
2560
2560
2558
2560
2560
2560
2556
2560
2560
2560
2559
2557
2536
2560
2558
2557
2559
2560
2560
2560
2559
2560
2560
2560
2559
2560
2560
2546
2558
2560
2559
2560
2559
2558
2560
2560
2560
2559
2557
2559
2560
2560
2560
2560
2544
2560
2560
2559
2559
2560
2560
2560
2559
2553
2560
2560
2559
2560
2560
2560
2560
2560
2560
2560
2560
2559
2558
2560
2560
2544
2560
2559
2559
2560
2560
2557
2560
2560
2560
2560
2560
2558
2560
2560
2559
2554
2560
2552
2560
2542
2560
2560
2560
2558
2527
2554
2559
2560
2560
2559
2559
2560
2560
2559
2560
2560
2554
2560
2560
2559
2559
2560
2560
2496
2560
2560
2560
2560
2560
2559
2560
2560
2549
2560
2560
2559
2560
2559
2559
2560
2560
2556
2560
2560
2558
2545
2560
2560
2560
2558
2560
2560
2560
2553
2547
2533
2546
2560
2559
2560
2559
2560
2560
2553
2558
2558
2560
2560
2560
2559
2559
2560
2560
2560
2560
2560
2560
2559
2560
2547
2560
2559
2560
2560
2559
2560
2560
2559
2560
2560
2560
2560
2560
2560
2560
2558
2560
2560
2560
2560
2560
2559
2559
2560
2560
2560
2559
2559
2560
2559
2560
2557
2560
2558
2560
2556
2560
2560
2559
2559
2560
2560
2558
2560
2560
2560
2555
2559
2559
2559
2560
2557
2560
2559
2559
2560
2560
2522
2560
2560
2556
2560
2558
2560
2560
2560
2560
2560
2555
2560
2560
2549
2560
2560
2560
2560
2558
2560
2559
2560
2560
2560
2560
2560
2559
2560
2559
2560
2560
2534
2559
2559
2560
2560
2559
2560
2560
2560
2560
2557
2559
2559
2560
2559
2559
2559
2560
2560
2560
2560
2560
2559
2560
2560
2560
2558
2533
2557
2559
2547
2559
2557
2559
2560
2560
2559
2560
2559
2559
2560
2560
2558
2560
2559
2559
2560
2560
2560
2559
2560
2554
2560
2559
2560
2560
2560
2560
2560
