1081
269
119
935
789
370
911
921
948
497
541
733
686
749
324
91
442
1045
610
476
1111
344
626
526
1004
891
64
888
784
849
226
233
613
541
403
620
639
423
831
90
1017
784
983
891
97
920
271
890
258
796
440
205
844
954
211
742
184
514
664
477
1194
208
733
107
238
640
283
808
1076
807
150
602
971
603
989
800
1010
859
56
893
103
180
664
1078
253
474
244
689
599
1071
685
522
825
18
596
636
800
201
244
834
957
203
1082
134
186
99
479
115
136
490
99
888
236
876
258
903
279
398
564
819
565
264
12
853
893
697
806
999
207
451
822
89
550
875
262
494
831
342
578
605
558
202
337
849
711
874
33
800
558
783
581
744
901
8
679
753
411
868
268
223
647
842
728
647
611
555
820
921
854
23
924
906
189
674
184
863
593
167
321
611
818
137
426
588
885
393
604
339
459
632
356
305
88
934
275
691
486
154
420
74
593
173
182
676
53
293
409
711
1098
788
833
258
340
1066
496
294
614
162
146
666
885
311
191
774
292
179
247
788
577
681
816
1005
847
419
361
673
77
871
503
909
330
608
1029
275
764
923
765
399
219
355
459
435
334
701
1044
614
839
206
1037
405
791
330
421
768
805
273
134
76
491
860
326
612
1067
850
895
406
771
1089
41
57
1101
587
915
651
279
895
912
188
262
1043
336
922
278
783
706
1073
169
175
18
367
573
634
1132
884
642
208
47
191
818
223
739
184
470
390
468
171
264
950
695
945
324
901
53
671
101
901
635
222
361
178
205
666
293
456
348
724
25
781
119
206
840
453
379
97
867
189
359
1034
906
208
26
649
768
642
29
26
819
786
171
353
999
946
700
779
284
619
200
277
416
664
663
557
911
176
89
483
640
631
513
520
544
109
121
303
427
549
269
740
779
945
857
162
656
553
726
706
973
919
213
667
361
515
820
254
847
216
962
1055
518
133
387
1161
538
885
655
912
310
99
263
429
874
579
438
179
1030
167
613
415
280
77
134
307
968
75
83
715
937
837
643
813
186
670
510
225
357
484
874
791
318
814
305
491
150
708
752
349
546
878
1124
96
804
291
171
962
68
366
716
449
884
266
891
572
826
738
271
779
488
790
805
200
80
862
341
391
675
527
556
297
721
291
163
431
753
433
820
763
508
646
716
454
947
560
1080
434
172
916
848
12
420
818
859
182
449
451
695
310
814
498
85
411
807
644
575
975
504
863
16
826
678
724
107
382
598
859
122
832
852
859
930
859
423
211
849
369
631
44
298
461
956
179
169
968
1079
37
97
871
576
60
570
500
100
528
53
288
861
863
921
137
316
731
636
834
382
407
508
543
640
719
94
857
360
88
901
461
733
445
177
545
396
675
555
955
47
827
970
705
325
237
191
1023
184
700
582
95
785
757
261
969
212
747
158
289
732
139
339
738
22
1030
850
752
348
727
877
523
649
322
984
1022
261
968
276
260
546
657
137
373
832
877
643
299
140
123
947
64
1027
9
1084
924
1005
270
784
785
783
244
961
281
409
988
477
512
625
627
33
918
793
304
342
899
743
34
92
1083
329
401
853
208
790
244
66
311
992
1118
909
344
150
663
158
860
570
913
578
86
433
399
632
1014
657
142
720
832
882
364
723
194
587
452
633
488
717
699
315
361
160
935
628
831
204
927
313
820
332
845
951
945
244
868
460
833
661
285
598
1071
882
638
167
681
174
256
243
776
518
665
734
591
761
792
866
254
528
683
665
661
879
436
731
682
293
527
355
883
625
432
364
345
869
682
471
950
216
619
180
510
175
299
847
273
887
383
984
752
752
315
469
879
811
261
837
770
648
354
598
1065
362
178
832
434
211
703
605
887
