16
53
32
27
32
32
39
46
12
42
45
54
21
26
26
36
57
27
24
26
37
36
25
55
50
13
56
51
31
33
22
36
61
39
31
53
83
19
44
61
74
58
26
34
60
28
51
45
38
87
44
28
15
35
12
43
28
71
38
52
88
67
52
69
66
63
85
18
18
32
54
37
43
41
52
39
60
40
95
83
40
47
87
76
32
93
40
24
62
38
25
13
35
16
64
46
20
49
44
40
58
53
15
66
58
86
13
21
51
55
41
83
33
30
46
18
22
24
72
87
69
78
89
46
84
78
70
95
50
28
39
78
32
30
18
38
67
51
57
55
86
83
66
75
89
66
35
57
61
27
29
75
0
18
69
63
100
153
130
77
89
103
70
62
101
19
45
74
59
54
22
65
22
114
78
37
66
56
41
65
59
57
54
30
26
33
68
134
49
63
62
54
59
54
50
129
121
130
65
35
68
60
18
81
70
80
80
95
62
57
23
34
0
37
31
26
74
45
16
46
41
38
33
37
53
66
40
34
75
29
41
40
13
43
48
24
32
12
26
67
31
62
45
57
13
55
24
21
58
60
51
41
18
39
50
34
26
20
25
38
32
68
82
25
18
28
30
44
57
24
64
25
17
16
26
60
18
72
77
40
23
46
36
42
18
33
55
49
21
29
22
67
46
32
83
121
37
41
20
57
37
47
29
24
57
47
50
26
62
67
23
127
36
61
36
58
29
79
70
50
11
40
93
53
32
64
32
32
20
15
80
45
65
37
29
63
27
19
25
77
11
39
105
33
66
104
61
72
29
29
74
91
28
41
35
30
76
37
71
100
38
69
78
35
14
39
11
54
65
34
51
27
42
32
57
58
45
23
45
46
34
37
10
19
41
71
76
40
55
121
26
70
63
30
6
50
46
54
123
55
68
62
27
6
30
114
97
38
92
29
7
59
98
75
55
24
68
41
129
30
45
40
44
46
99
11
58
109
83
100
9
62
38
36
124
104
147
55
87
57
25
17
78
25
20
24
40
66
103
21
18
29
59
122
19
70
50
66
0
18
31
62
0
38
13
64
54
25
82
7
71
11
70
28
19
7
31
44
36
20
38
18
29
38
76
35
35
51
32
24
34
19
54
53
58
20
64
13
14
49
14
7
19
37
38
27
28
77
49
42
15
23
66
0
19
25
36
108
29
50
15
79
27
36
30
72
12
29
126
38
42
24
45
28
106
33
18
44
31
35
13
44
19
32
27
31
43
45
58
30
20
44
24
13
21
79
16
89
35
81
46
89
24
22
24
54
33
51
16
67
52
52
21
0
31
27
49
42
96
81
15
13
265
7
63
55
23
28
27
30
76
32
117
54
101
84
24
57
33
43
24
2
33
29
34
20
17
52
40
0
16
45
26
22
30
32
12
32
24
14
66
34
56
37
64
14
85
19
39
56
3
65
59
25
17
20
42
91
21
102
71
28
39
34
16
47
99
39
37
54
62
106
69
49
10
22
112
107
51
27
28
39
73
63
61
92
25
7
58
40
35
25
45
88
83
44
11
74
16
36
36
54
54
98
71
49
51
58
0
42
61
22
58
98
28
34
85
19
12
24
60
14
64
22
34
13
77
56
26
37
42
46
14
20
79
39
26
55
7
20
15
67
91
41
65
9
48
13
20
77
42
93
69
39
30
24
16
97
71
79
60
52
80
33
42
75
16
13
148
20
48
35
73
76
36
44
59
23
8
104
8
3
26
20
43
28
12
24
23
35
13
17
23
65
78
16
44
40
45
0
12
27
60
16
71
26
41
31
11
71
4
19
80
42
25
108
11
61
18
2
31
2
29
65
121
8
10
33
1
47
15
11
19
46
0
7
64
40
12
14
9
78
11
39
25
60
8
45
57
10
110
55
62
38
72
35
97
32
35
30
44
64
8
81
20
65
135
38
29
39
16
91
64
33
60
43
38
14
18
48
30
105
2
13
83
40
40
20
83
60
20
89
74
33
0
21
53
33
172
90
61
44
185
25
41
33
43
49
78
41
93
97
33
25
15
86
47
10
29
66
37
48
14
28
37
46
54
4
92
52
71
65
25
38
33
23
46
2
2
86
51
56
72
59
45
75
62
46
61
78
8
27
66
71
0
66
79
30
71
24
50
35
32
31
49
14
52
47
26
37
55
58
18
38
35
39
17
30
46
61
13
46
28
19
39
29
18
18
20
25
20
19
78
65
34
23
43
20
62
29
38
47
26
57
40
30
26
36
39
46
37
30
53
30
60
40
28
108
37
25
42
17
47
30
25
87
70
17
60
61
43
41
50
46
34
108
25
40
34
19
15
33
41
50
49
41
23
52
34
6
68
47
35
26
38
39
46
39
27
46
64
95
32
26
47
37
14
46
47
35
61
19
42
23
57
69
121
15
29
30
71
20
72
46
69
65
110
52
81
90
125
69
31
38
83
12
48
58
43
72
43
40
15
57
61
116
71
51
68
23
70
38
45
52
44
13
47
58
40
88
78
24
42
28
54
97
51
94
62
67
45
30
32
51
76
0
26
13
38
34
42
29
85
14
31
86
29
117
65
62
65
72
25
46
21
81
75
70
42
45
91
42
47
28
22
43
62
38
46
47
86
15
29
33
37
108
26
34
61
16
32
84
38
86
37
28
57
66
69
24
89
44
62
32
33
0
75
28
12
43
53
34
45
47
55
67
23
46
37
73
83
68
29
25
58
24
27
63
26
20
46
47
20
17
42
36
26
64
57
59
44
44
28
31
33
25
50
13
62
39
36
42
46
40
21
35
29
46
33
47
78
28
14
114
50
44
38
48
40
20
51
22
58
25
31
16
32
35
42
51
18
16
50
18
24
43
52
46
35
84
34
20
30
52
51
77
24
24
72
47
19
31
75
28
18
66
12
40
60
12
50
59
38
46
65
42
125
71
37
43
31
72
122
59
109
15
64
90
72
54
122
23
44
19
62
36
53
38
84
38
63
81
114
38
25
44
74
121
53
112
34
105
118
68
56
58
47
39
55
131
61
13
35
63
31
16
134
122
9
58
40
64
53
47
13
21
29
52
66
98
27
60
72
39
56
89
661
69
98
71
48
45
8
58
19
99
68
64
40
75
29
60
97
31
87
55
90
48
59
45
25
56
24
60
70
41
46
154
98
24
97
61
76
56
21
65
21
122
80
44
47
15
31
55
50
13
103
23
101
38
39
19
40
32
32
63
0
95
24
44
25
41
33
51
32
55
18
24
21
24
35
20
59
31
48
21
60
69
18
61
16
30
24
26
17
15
24
39
17
35
26
61
41
42
22
61
47
56
32
55
6
28
29
22
33
64
25
35
22
27
29
13
49
15
14
45
0
118
36
24
35
20
38
40
50
85
70
101
25
43
14
73
39
46
62
11
62
67
68
23
29
78
32
54
34
47
94
59
30
60
57
62
14
13
27
55
76
30
102
51
41
17
28
110
42
27
37
106
62
33
31
14
60
62
90
96
22
23
82
22
4
25
31
91
89
12
52
14
145
54
60
2
43
62
6
77
15
51
49
70
14
47
11
57
77
0
98
9
80
66
17
15
31
18
30
20
48
66
94
139
42
21
1
44
39
98
48
71
48
69
15
21
68
90
53
64
61
167
3
103
22
192
20
35
44
4
85
19
59
4
34
212
56
27
123
71
50
38
120
30
138
136
68
62
0
87
83
24
68
69
6
38
70
41
25
37
55
4
82
3
30
113
28
88
59
33
38
55
78
52
156
53
15
58
14
4
20
331
74
16
70
35
77
24
12
0
32
49
15
24
34
23
22
36
46
10
40
24
32
29
56
75
53
18
77
51
14
52
45
38
31
45
8
26
28
51
81
117
77
54
48
86
26
16
140
26
31
32
27
127
41
26
49
54
19
45
7
0
6
19
36
29
19
59
30
65
67
6
25
52
101
69
16
52
11
17
35
40
34
38
6
43
14
86
60
95
58
11
26
19
14
13
36
50
73
19
74
50
77
28
49
64
31
45
54
49
10
25
36
97
79
90
59
32
26
8
25
0
70
0
49
5
56
10
127
84
57
83
45
5
79
33
47
94
33
58
24
57
32
18
32
124
87
76
55
87
3
7
48
14
43
106
12
8
113
0
67
13
72
69
54
53
27
78
19
55
26
29
55
83
146
9
44
64
19
28
22
64
53
32
81
64
47
57
4
80
7
42
25
7
83
31
27
95
189
75
27
155
80
16
118
49
106
88
189
109
28
56
3
1
54
0
84
15
156
20
86
102
13
64
80
167
53
77
86
41
35
18
58
76
70
42
62
76
62
92
15
17
32
29
12
57
40
55
36
33
13
19
25
24
30
37
29
20
30
16
51
13
35
38
27
18
42
56
15
23
27
26
20
40
12
33
13
15
19
34
14
48
50
14
13
40
42
24
19
19
19
38
17
33
31
36
35
21
38
18
12
17
64
57
59
42
48
35
51
58
73
77
19
20
17
31
15
54
73
53
45
19
47
60
59
42
29
29
40
51
52
37
52
82
17
26
43
71
38
52
39
43
41
74
46
25
34
71
48
42
30
49
35
39
45
45
27
46
37
27
80
47
0
129
135
128
95
17
40
26
34
37
23
51
78
89
12
76
30
41
61
17
53
64
62
20
38
46
61
34
102
49
75
17
27
60
49
18
63
45
69
54
66
47
71
74
31
57
50
22
48
11
72
64
51
85
29
112
37
42
108
40
0
255
252
256
253
180
128
103
20
51
13
31
55
28
41
47
26
56
18
32
49
28
21
60
30
45
51
52
64
51
65
117
50
70
25
83
92
96
54
52
52
104
57
74
93
83
37
75
63
98
51
66
47
26
66
69
60
57
56
25
86
59
24
64
46
27
28
24
70
56
36
37
34
45
72
35
30
37
29
50
26
35
24
17
66
55
33
27
73
26
33
26
30
72
26
38
65
30
39
72
37
51
24
63
73
87
38
52
36
26
28
53
33
38
35
21
22
42
25
45
27
128
111
73
13
19
30
44
52
13
46
79
36
43
32
38
26
25
40
30
21
43
34
41
32
25
36
55
36
16
43
33
47
72
44
57
29
55
53
57
74
46
47
41
29
41
15
48
60
43
19
15
44
28
73
58
60
111
44
37
13
256
250
262
103
164
76
18
41
26
52
36
54
74
48
52
82
36
118
45
42
90
27
17
14
28
90
37
34
66
89
57
23
14
24
38
46
75
65
78
79
64
34
72
24
54
13
172
18
102
71
23
41
49
32
32
41
55
20
46
46
0
513
510
532
101
77
42
36
86
82
62
80
23
9
108
21
37
26
65
62
22
75
34
127
44
76
84
44
21
87
65
36
85
36
54
21
190
27
153
70
54
91
16
62
78
50
39
60
71
79
26
62
47
59
28
61
58
15
37
22
0
133
19
82
19
13
71
44
33
29
41
31
50
20
45
43
20
65
39
95
76
38
26
86
6
22
32
36
45
31
57
50
9
12
46
20
6
41
22
27
30
39
72
55
38
64
25
29
23
25
21
58
66
54
56
23
67
42
77
48
44
261
39
75
68
109
77
21
31
40
39
37
44
70
63
34
67
18
25
48
39
57
58
24
45
35
26
19
49
58
40
69
46
16
13
23
35
36
50
73
94
34
26
12
21
23
25
60
17
36
51
42
26
15
58
54
20
49
21
24
14
511
513
32
52
27
77
35
67
92
71
20
58
82
37
122
14
46
15
47
27
100
94
33
12
21
21
14
25
18
62
55
57
67
86
15
43
38
32
154
72
59
25
195
149
94
7
38
101
185
53
74
28
15
19
43
27
18
25
166
60
0
817
747
78
38
89
38
35
92
6
9
30
50
58
76
140
99
17
105
38
70
13
34
70
35
130
103
40
82
84
29
211
67
121
28
121
42
75
16
0
40
115
30
42
109
27
131
64
36
54
43
70
38
92
56
21
26
185
29
146
0
11
55
16
47
22
25
9
43
95
29
77
27
8
66
34
25
7
43
25
31
94
56
22
21
27
33
16
24
3
26
60
68
17
63
19
20
19
63
30
17
59
20
37
61
47
10
9
21
54
45
17
27
8
39
8
57
22
35
39
37
380
36
75
58
88
27
25
54
74
35
8
64
110
18
77
28
57
156
27
38
61
24
27
28
20
52
49
117
117
49
11
22
44
86
26
8
3
60
4
9
73
5
32
97
61
24
98
92
65
28
30
17
35
138
0
101
122
53
60
10
678
230
72
0
22
74
31
25
28
51
31
26
138
35
29
61
84
58
138
10
0
47
23
73
25
45
83
95
111
36
22
15
52
2
81
56
128
17
190
34
134
100
24
8
66
55
104
60
77
7
18
29
40
43
61
27
10
13
12
26
1042
870
327
40
56
107
47
192
53
64
9
5
10
121
12
45
9
12
91
41
0
25
17
57
102
42
37
29
67
18
46
73
70
34
108
124
80
29
42
57
22
43
217
175
46
4
7
39
81
41
26
92
5
37
52
73
55
18
79
43
0
38
25
16
38
34
22
15
50
24
31
11
38
17
27
28
40
15
29
24
18
34
45
37
44
24
25
15
30
24
43
29
53
15
38
21
16
40
28
13
40
31
38
22
55
56
23
18
41
14
30
31
16
29
18
36
35
33
57
13
0
49
46
60
76
17
25
42
34
48
16
32
38
35
49
39
83
37
49
29
48
28
49
30
89
15
20
41
44
12
21
36
24
36
52
47
48
26
36
55
45
12
23
22
12
44
12
22
52
52
40
26
45
11
29
45
62
85
57
33
0
25
60
30
43
69
29
33
68
20
35
47
60
80
43
42
54
45
76
41
18
35
57
27
38
52
40
75
99
28
93
47
108
110
56
12
66
105
15
40
60
28
101
86
29
46
80
33
33
27
52
48
86
57
49
31
50
57
34
63
52
77
84
40
70
24
111
12
52
26
25
30
46
17
50
70
17
86
31
14
56
39
34
70
120
51
24
14
114
16
73
51
69
14
125
26
32
37
42
35
98
53
53
47
57
84
57
100
75
56
17
38
60
30
90
37
45
32
61
30
23
65
45
21
60
37
39
19
25
38
49
53
45
87
33
68
41
35
16
65
56
70
25
20
46
61
31
38
14
20
23
34
31
26
27
20
47
12
25
28
59
49
27
37
51
50
30
28
29
62
38
47
18
47
29
67
63
49
25
26
22
0
13
71
48
43
38
21
52
53
45
35
18
67
37
48
42
44
44
61
18
42
107
44
15
31
16
19
37
49
69
34
33
102
19
30
35
19
59
57
36
78
45
93
46
41
11
41
60
20
20
52
55
28
15
57
37
45
25
40
36
0
30
43
36
68
42
48
26
54
69
64
67
40
40
68
55
68
40
27
37
32
49
94
75
37
18
113
23
12
61
53
20
65
30
44
35
35
17
83
46
39
24
46
20
29
76
40
88
80
22
44
27
57
58
15
52
25
46
41
26
18
30
62
27
30
70
33
65
82
101
24
19
76
62
53
34
29
63
41
58
17
42
219
90
24
29
34
54
75
71
35
51
47
100
39
123
44
15
24
102
18
28
25
45
254
101
26
120
95
170
165
90
24
25
16
122
59
68
84
49
68
123
8
14
23
72
76
48
12
26
17
29
35
11
45
98
29
72
37
34
51
46
48
51
47
24
3
55
16
26
53
24
35
64
38
35
33
32
46
30
55
42
54
20
7
50
52
9
42
11
13
20
50
35
36
42
88
52
48
14
52
263
55
64
69
48
55
30
34
43
27
67
60
89
40
23
35
43
16
35
62
27
16
55
34
53
72
24
29
35
42
109
39
14
78
48
37
14
64
23
33
26
40
92
103
42
53
86
12
71
48
31
50
54
32
14
53
38
47
46
26
0
31
21
18
73
24
52
79
110
61
11
68
45
18
11
35
28
34
20
19
53
59
27
77
47
80
40
30
32
55
28
34
23
20
20
35
126
69
26
23
22
85
53
98
116
25
73
37
32
20
111
20
47
30
37
84
106
65
34
31
0
148
76
3
48
187
49
49
11
71
76
130
51
38
61
18
39
11
11
138
69
22
46
0
125
81
68
11
38
49
59
17
69
11
159
65
103
14
14
23
174
146
14
11
64
6
160
6
78
78
10
17
89
64
110
62
18
56
23
128
59
79
46
55
38
48
34
64
47
14
48
88
86
32
52
79
6
43
22
30
34
19
19
49
69
45
32
7
57
10
31
33
82
34
44
51
26
22
18
7
3
20
6
1
43
17
60
41
18
0
127
18
9
47
15
7
11
52
61
15
39
420
9
11
70
100
65
10
19
33
48
60
8
9
54
72
66
24
34
27
50
62
8
32
18
32
64
32
23
47
14
81
81
100
64
17
99
85
76
20
72
8
19
49
15
44
81
45
26
64
19
54
41
30
0
9
55
43
16
69
75
0
45
6
45
25
87
32
46
16
40
18
8
52
46
81
34
14
42
70
135
120
23
10
28
77
16
70
154
0
59
28
11
71
38
12
46
0
7
52
68
43
81
49
53
28
45
80
40
1
93
97
87
25
14
44
8
11
30
70
57
0
75
46
75
76
46
0
159
29
93
11
62
122
17
65
115
91
48
0
48
18
123
30
63
50
0
22
65
25
44
3
101
106
6
209
91
59
55
18
61
107
34
45
64
52
0
16
259
11
69
60
89
145
68
82
25
25
37
203
6
7
0
0
0
0
0
0
0
0
0
0
0
0
0
0
0
0
0
0
0
0
0
0
0
0
0
0
0
0
0
0
0
0
0
0
0
0
0
0
0
0
0
0
0
0
0
0
0
0
0
0
0
0
0
0
0
0
0
0
0
0
0
0
0
0
0
0
0
0
0
0
0
0
0
0
0
0
0
0
0
0
0
0
0
0
0
0
0
0
0
0
0
0
0
0
0
0
0
0
0
0
0
0
0
0
0
0
0
0
0
0
0
0
0
0
0
0
0
0
0
0
0
0
0
0
0
0
0
0
0
0
0
0
0
0
0
0
0
0
0
0
0
0
0
0
0
0
0
0
0
0
0
0
0
0
0
0
0
0
0
0
0
0
0
0
0
0
0
0
0
0
0
0
0
0
0
