128
128
128
128
128
128
128
128
128
128
128
128
127
128
128
126
128
128
128
128
128
128
128
128
127
125
128
128
128
128
128
128
128
127
128
128
128
128
128
128
128
128
256
256
256
256
256
256
256
256
254
256
256
256
256
255
256
254
256
255
255
256
256
256
256
256
254
256
256
256
256
254
256
256
256
252
256
256
256
251
256
256
256
256
256
256
256
256
256
256
256
256
254
256
256
256
256
254
256
256
256
256
512
512
512
510
512
512
512
512
512
508
512
512
512
511
512
512
512
512
512
512
509
512
512
512
512
512
512
512
512
512
512
512
512
512
512
512
508
512
512
509
505
512
510
512
512
512
512
512
512
512
508
507
512
512
507
512
512
512
512
512
0
1024
1023
1009
1024
934
1024
1024
1024
1024
1024
954
1024
1002
994
1024
1024
1024
1021
1024
1024
1021
984
1021
1023
1024
1024
1024
1024
1024
1024
1024
1024
1024
1024
1024
986
1024
1024
1024
1024
1024
1011
1024
1024
1024
1024
1024
1024
1023
1013
1024
1024
1024
1024
1024
1024
1024
1007
1024
1024
254
256
256
256
256
256
256
256
256
256
256
256
256
256
256
256
256
256
256
256
256
256
256
256
256
256
256
256
256
256
256
256
256
256
256
255
256
256
256
256
256
256
256
256
256
256
256
256
256
256
256
256
256
256
256
256
256
256
256
256
512
512
511
512
481
446
512
504
512
512
463
452
500
448
503
473
482
512
512
512
512
512
511
512
512
512
512
512
512
511
512
512
512
509
512
512
512
512
442
465
458
484
447
443
443
450
483
462
447
450
442
474
442
448
447
451
448
477
447
459
1024
1024
1024
1015
986
1024
1024
1024
1024
1008
1024
985
997
1005
939
1011
1024
1004
998
1024
1006
994
938
998
1024
1024
1024
977
856
821
871
906
966
916
927
841
1012
957
888
937
936
901
895
908
857
912
941
903
957
906
972
958
888
862
869
914
834
931
986
995
0
1472
1187
1593
1606
1339
1269
1459
1266
1628
1363
1402
1536
1721
1482
1668
1589
1483
1864
1732
1633
1867
1598
1660
1730
1855
1562
1582
1569
1638
1639
1764
1647
1827
1686
1852
1358
1462
1505
1531
1643
1467
1672
1834
1826
1708
1761
1721
1718
1875
1899
1702
1636
1932
1807
1888
1735
1707
1745
1924
0
512
512
512
512
512
512
512
512
512
512
512
512
512
441
465
431
425
458
382
354
347
363
362
366
351
351
353
361
353
396
358
372
360
353
387
356
361
358
360
351
381
359
380
385
381
351
346
354
384
401
380
368
381
372
373
366
384
372
349
371
983
909
895
806
827
876
695
717
699
647
620
598
546
510
566
576
577
653
659
579
664
650
640
643
808
676
805
792
701
743
812
636
637
713
696
717
702
646
638
648
667
577
634
693
641
647
658
638
639
642
647
705
638
708
775
847
703
667
515
684
1364
1379
1286
1436
1395
1394
1546
1199
1143
1165
1291
1333
1164
1178
1346
1122
1088
1094
1024
1308
1030
1125
1259
1171
1002
1222
1044
1042
1143
1048
1023
1104
1069
1023
1023
1092
1073
1023
1104
1511
1406
1329
1327
1319
1160
1154
1080
1246
1123
1032
1133
1191
1310
1032
1064
1242
1140
1295
1274
1529
0
1502
2013
1859
1789
1622
1988
1896
1492
1270
2015
1975
1495
1785
1706
2046
2382
2112
1645
1848
1659
1966
1668
1576
2087
2059
2264
1954
1599
1760
1935
1606
2038
1945
1876
1958
2004
1830
2051
2024
1954
2203
2147
1968
2213
2183
2009
1910
2077
1803
2287
2146
1713
2080
2088
2020
2094
2131
2008
2213
0
688
443
482
404
459
459
427
392
434
508
614
598
587
609
529
576
436
485
445
421
534
384
617
456
460
542
476
528
516
589
496
588
451
498
477
496
493
465
535
488
495
492
464
419
491
465
448
657
613
445
425
449
459
563
545
621
542
459
514
510
1302
1055
902
760
924
991
826
973
1227
884
737
960
931
1009
1193
1124
882
942
1020
1058
1012
923
1032
874
740
733
1043
871
1081
994
831
1169
1016
1004
960
815
751
663
785
777
1065
1089
1090
1076
971
903
860
974
913
956
801
859
923
996
853
727
643
721
833
794
1481
1126
1023
989
1074
1126
1040
1248
1050
949
1136
1070
1054
1018
1091
1099
1027
1115
1362
1227
1099
1003
903
1373
1116
980
996
1047
957
1097
1080
1080
1170
1236
1026
923
1434
1319
1551
1216
1282
1359
1914
1452
1338
1426
1444
1256
1202
1287
1271
1301
1414
1608
1640
1417
1383
1248
1287
1468
3019
2567
2307
2124
2196
1912
1701
1916
1884
1615
1499
1629
1846
1994
1730
1721
2104
2122
2002
2216
2351
2121
1786
2332
2274
2125
1854
1944
2042
2221
1973
2188
2183
2061
1580
1998
1656
1702
1959
1587
1606
1872
1494
1806
1846
1901
1936
1767
2116
2166
1957
2219
1949
2061
2030
1700
1918
1782
1973
2041
0
128
128
128
128
128
128
128
128
128
124
128
128
128
128
128
128
128
128
128
128
128
128
128
128
128
128
128
128
128
123
128
128
128
128
128
128
125
128
128
126
128
127
128
128
126
128
124
128
128
128
127
128
128
128
128
128
125
128
128
128
256
256
253
256
255
256
256
256
256
256
256
256
256
256
256
251
256
256
256
256
256
256
256
256
256
256
256
256
256
256
256
256
255
256
256
256
256
256
256
256
256
256
256
256
256
256
256
256
256
256
256
256
256
256
256
256
256
256
256
256
512
512
512
512
512
503
512
512
507
512
512
512
512
511
512
512
512
512
507
512
512
512
512
512
512
512
512
512
512
512
512
512
512
512
512
512
512
512
509
512
512
512
512
512
512
512
512
508
511
510
512
512
512
512
512
512
511
512
512
512
146
1024
1024
1024
1024
1024
1024
1024
1024
1024
1013
1010
1024
1024
1024
1024
1024
1024
1024
1022
1023
983
1024
956
1024
1024
1021
1022
1023
1024
1024
1019
1024
1024
1024
1024
1024
1024
1024
1024
1024
1024
1009
923
1024
1024
1024
1021
957
1017
1024
1012
1024
1024
1024
1024
1021
1024
967
971
0
256
256
256
256
256
256
256
256
256
256
256
256
255
256
256
256
256
256
256
256
256
256
256
256
256
256
256
256
256
256
256
256
256
256
255
252
254
256
256
256
249
256
256
256
256
256
256
256
256
256
256
255
256
256
253
256
253
256
256
256
512
512
512
512
506
512
504
500
512
512
485
492
478
487
475
512
502
512
510
512
484
489
512
512
510
483
424
409
451
452
424
450
512
497
512
474
478
446
471
449
445
447
457
512
512
512
512
506
512
444
459
482
512
458
454
483
482
446
465
512
977
1024
854
795
841
760
879
844
813
764
846
951
908
843
901
927
846
688
1005
838
909
891
952
894
818
909
997
789
818
789
877
817
763
784
1004
823
1024
927
901
864
819
848
889
762
913
821
821
745
1024
990
799
893
1024
1022
1024
1024
1024
1002
1024
886
0
2026
2002
2044
1974
2002
1947
2021
1759
1891
1878
1630
1802
1804
2008
1811
1698
1903
1466
1972
1830
1898
2048
1966
1730
1807
1739
1754
1894
1838
1825
1768
1693
1998
1840
1768
1798
2015
1985
2040
1954
1914
1624
1763
1765
1449
1643
1837
1755
1801
1700
1900
1799
1830
1963
1739
1954
1992
1983
1921
0
512
512
512
351
356
383
377
379
372
378
347
399
349
382
373
426
355
375
370
389
377
368
389
386
412
357
374
367
368
374
379
362
378
376
386
380
368
372
347
411
415
376
370
352
415
387
460
419
470
415
477
424
423
512
419
413
459
417
364
369
998
786
767
807
860
847
812
696
824
784
860
771
787
769
766
901
869
861
842
824
825
855
768
819
842
843
828
821
838
809
768
837
828
835
844
842
773
830
828
859
807
777
798
846
786
763
778
734
769
821
808
789
806
823
821
797
829
801
724
776
1327
1374
1173
1540
1086
1274
1348
1139
898
1288
1021
1074
1084
1132
1063
1150
1254
1065
1234
1205
1167
1398
1187
1347
1346
1206
1288
1134
1281
1031
1145
1525
1292
1373
990
1082
1271
1225
1379
1536
1227
1417
1461
1256
1274
1165
1502
1175
1265
1038
1118
1195
1254
1433
1308
1224
1173
997
1276
1324
0
2953
2130
1933
1838
2408
2007
1828
2266
1934
2203
1824
2013
1914
1860
2136
1965
1942
1869
1912
2333
2216
2059
2121
2752
2681
2471
2283
2406
2219
2168
1975
1858
2046
1908
1965
1811
1798
2305
2494
2340
1950
1806
2085
2161
2190
2041
1862
1802
2188
2022
2321
1929
2049
2113
1928
1770
1732
2402
2011
0
607
616
662
596
677
511
504
469
613
468
424
396
473
407
441
454
444
452
458
481
439
471
478
479
434
441
452
442
435
563
422
442
460
439
460
456
458
511
500
379
407
568
455
465
392
552
406
634
447
366
362
362
469
450
373
447
429
512
478
394
1159
882
1002
971
947
885
1095
794
809
1209
1156
839
950
1147
787
951
838
929
779
987
821
1125
916
975
784
986
949
811
1123
878
876
777
952
912
1041
869
1049
946
888
906
869
897
858
990
954
918
830
876
835
833
802
826
987
1070
1147
999
890
1103
897
893
1596
1201
1288
1022
1227
1414
1176
1413
1215
1078
1236
1338
1125
1304
1312
1173
1430
1388
1449
1216
1227
1299
1597
1553
1269
1068
1331
1575
1237
1269
1490
1406
1528
1191
1236
1525
1259
1129
1673
1416
1480
1406
1631
1251
1369
1211
1448
1438
1646
1524
1411
1228
1320
1377
1412
1478
1107
1474
1284
1499
0
2170
2668
2534
2404
2436
2249
2693
2319
2194
2251
2197
2421
2225
2557
1848
2269
2063
2142
2185
2145
2368
2544
2439
2190
2517
2073
1948
2413
1897
2257
2213
1842
2269
2205
2069
1989
1920
1982
2221
2387
2228
2219
2047
2516
2043
2317
2164
2255
2306
2143
1871
2176
2191
2422
2450
2184
2058
2850
2300
0
128
128
126
128
128
128
127
128
128
128
128
127
128
128
128
128
128
127
128
128
128
128
128
128
128
128
128
128
128
128
128
128
127
128
128
128
128
127
127
128
128
128
128
128
128
128
127
128
128
128
125
128
128
128
128
127
126
128
128
128
256
255
256
256
256
256
256
254
256
256
256
256
256
256
256
251
256
256
256
256
256
256
256
256
256
256
256
256
255
256
256
256
254
256
256
256
256
256
256
256
256
253
255
256
256
256
256
256
256
253
256
255
252
256
256
256
256
256
256
256
512
511
512
512
512
512
512
512
512
512
512
512
512
508
511
512
512
512
512
512
512
511
507
512
512
512
512
512
512
512
512
512
512
512
512
512
512
512
512
512
512
512
512
509
512
512
512
502
512
512
512
512
512
512
512
512
512
512
512
504
0
1023
1024
1024
1024
1024
1010
957
870
1024
1024
860
904
1024
1024
905
1024
1024
988
1024
823
799
838
835
884
832
1024
1024
993
1017
1020
1018
1024
1024
1021
1022
1024
1020
1024
1024
1021
1024
1024
1024
1021
1022
1024
1018
833
985
985
1024
1024
1024
1024
1005
1024
1024
1024
1024
0
256
256
256
256
256
256
256
256
256
256
256
256
256
256
256
256
256
253
256
256
256
255
256
256
255
256
250
256
256
256
256
254
256
256
256
255
256
256
252
256
254
256
256
256
256
256
256
256
256
256
256
256
253
256
256
256
256
256
256
256
512
512
512
507
510
512
509
512
512
512
506
512
512
512
512
512
512
470
512
449
511
506
512
512
456
512
512
512
512
512
512
512
512
512
495
512
512
512
512
461
512
512
506
512
512
502
512
509
512
512
512
512
510
512
512
512
512
512
512
512
1024
1023
1022
879
954
957
873
770
815
807
907
807
856
954
1024
912
790
1024
1005
1014
1024
1011
954
842
1024
1024
1024
1024
1003
926
934
950
959
955
1014
1019
1024
936
1019
947
939
955
922
872
899
931
920
931
913
874
921
971
1024
999
964
1024
1024
988
1024
1024
1396
2048
2048
2048
1732
1563
1450
1272
1260
1586
1539
1808
1320
1326
1390
1330
1281
1134
1333
1387
1873
976
1476
1882
1890
1608
1578
1914
1725
2042
1707
1905
1910
1703
1792
1790
1999
1852
1593
1692
1996
1767
1776
1660
1788
2045
1771
2048
1814
1923
2020
2048
2048
1979
1972
1843
1879
1866
1980
1917
0
512
512
512
512
505
512
512
508
503
511
512
512
512
511
511
512
512
512
512
512
512
512
512
509
512
512
512
512
512
511
512
417
512
512
512
512
512
465
422
415
377
417
366
371
383
383
353
349
386
375
374
389
363
385
383
357
342
392
378
364
1024
1024
1024
970
810
722
897
754
863
870
844
880
813
826
796
885
801
840
813
763
715
749
812
869
823
799
823
755
805
784
752
768
818
884
815
819
798
799
801
794
755
812
800
810
803
799
854
793
816
773
754
811
760
720
887
813
772
786
745
819
2048
2041
1384
1026
1488
1373
1242
1154
1192
1347
1134
1639
1413
1447
1355
1287
1135
1372
1239
1253
1254
1128
1339
1431
1437
1319
1050
1121
1111
1249
1257
1102
1172
1123
1353
1510
971
1108
1177
1662
1137
1327
1516
1247
1358
1601
1449
1351
1399
1379
1566
1572
1035
1505
1465
1412
1271
1143
1075
1076
2821
2965
2757
2191
1525
1655
1601
1254
1479
1781
1656
1857
1231
1607
1745
1629
1828
1994
1973
1922
1978
1989
1766
2094
2163
2227
2145
2198
2337
2373
2177
2014
2335
2327
1865
1989
1977
1986
2513
2110
2048
1785
1966
2254
2584
2128
2144
1972
2424
2284
2283
2044
2297
2286
2158
1903
2455
2400
2242
1897
0
751
430
442
462
497
689
602
616
638
667
598
669
620
548
602
550
649
497
449
444
448
495
452
561
484
510
472
482
484
764
567
442
463
439
458
476
460
460
449
568
621
605
435
438
471
448
633
457
462
525
490
497
452
453
602
628
474
440
577
641
1911
1013
1005
786
1056
942
802
1538
981
1094
961
850
1068
993
969
968
724
741
792
881
1192
1044
749
997
922
935
917
977
779
722
937
1078
796
985
1081
948
908
931
935
801
1236
818
957
1272
982
900
837
818
1049
1057
936
886
863
851
962
942
1038
1050
798
796
1592
1593
1403
1312
1449
1396
1417
1563
1345
1136
904
1325
1314
1243
1157
1247
1321
1456
1111
1480
1424
1643
1112
1285
1234
1190
1169
1400
1403
1254
1244
1198
1106
1090
1197
1139
1370
1525
1217
1322
1216
1328
1303
1234
1190
1348
1474
1462
1232
1221
1324
1125
1623
1402
1242
1046
1152
1345
1439
1433
3881
3614
3137
2158
2171
1926
1982
1804
2131
2039
2333
2100
1956
1940
2206
2288
2320
1987
1696
1825
2183
2212
2361
2301
2130
2280
1838
1931
2185
1828
2190
2038
2453
2643
2321
2300
2336
2383
2070
2606
2360
2237
2640
2277
2147
2236
2511
2450
2248
2460
2429
2322
2616
2699
2484
2586
2127
2601
2766
2354
0
128
128
128
128
128
128
128
128
128
128
128
128
126
123
128
128
128
128
128
126
128
128
128
124
126
128
124
128
128
128
128
128
127
128
128
128
128
128
128
128
125
128
128
121
128
128
126
128
128
128
127
128
128
128
123
128
126
128
128
128
254
255
256
256
254
256
256
256
256
256
256
256
254
256
256
256
256
256
256
256
256
256
256
256
250
256
256
247
256
256
256
255
256
256
256
256
253
254
256
256
256
256
256
255
254
252
256
256
256
253
255
256
256
256
256
256
256
256
256
256
512
512
510
512
512
512
512
512
512
512
512
512
512
512
512
512
509
512
512
512
512
512
512
512
512
512
512
512
512
512
512
512
512
512
512
512
512
507
512
508
512
512
512
508
512
512
512
512
512
512
512
512
512
512
512
512
512
512
512
512
139
1009
1024
1024
1024
1024
1024
1024
1024
1016
1024
1023
1024
1024
995
1024
1003
1002
1024
1023
1024
975
935
1024
1024
1022
1024
956
967
982
1004
1024
1024
1024
1024
1021
1024
1024
1024
1020
1024
1024
1010
1023
967
1024
1024
1024
1017
1024
1024
954
1021
1024
1024
1024
1008
1024
1003
1021
0
256
249
256
255
256
256
256
256
256
256
256
256
252
256
256
256
254
256
256
256
256
256
256
256
256
256
256
256
256
255
256
256
256
256
256
256
256
256
256
256
256
256
256
256
256
256
256
256
256
256
256
256
255
256
255
256
256
256
256
251
512
512
498
512
512
512
512
512
492
512
512
512
512
512
512
492
512
512
512
473
507
512
512
512
511
512
512
496
512
439
512
509
470
452
512
512
512
512
494
503
512
512
512
512
447
511
496
512
512
512
512
512
512
512
460
512
512
512
512
512
1024
758
933
934
1024
835
874
955
991
795
721
1011
787
785
740
992
985
1003
782
842
977
1024
1024
965
952
941
951
987
1016
1024
1024
1024
938
1024
959
1020
974
1024
1024
933
949
956
932
947
935
854
960
900
976
955
890
862
955
928
877
981
955
937
990
1024
0
2048
2048
1819
1930
1917
1976
1774
1816
1941
1991
1859
1995
1705
1872
1804
1828
1983
1776
1893
1928
1933
1872
1648
1958
1812
1905
1607
1839
1743
1987
2011
1861
1863
1794
1693
1975
2048
1734
2048
1934
1815
1791
2048
1677
2042
1794
1875
1923
2048
1907
1975
1987
1996
1955
1742
1926
1800
1863
1839
0
512
512
512
431
512
414
512
422
428
443
483
415
472
421
512
411
512
512
512
438
512
512
512
512
512
512
512
512
509
512
512
512
512
450
417
512
512
512
422
422
426
415
430
410
512
512
512
512
443
512
512
512
432
512
512
512
512
512
512
503
1024
862
710
645
825
769
693
749
698
649
787
791
713
753
797
813
830
799
806
826
827
729
784
846
792
799
899
632
509
816
769
674
696
729
731
740
807
681
685
786
685
723
692
734
679
668
747
799
799
797
802
800
813
767
784
817
819
879
809
799
2035
1555
1600
1398
1433
1297
1220
1267
1251
1506
1227
1352
1272
1253
1140
1139
1171
1245
1225
1162
1109
1381
1324
1342
1384
1037
1255
1223
1497
1255
1234
1322
1170
1169
1330
1362
1537
1613
1301
1606
1407
1546
1379
1296
1364
1258
1357
1290
1266
1315
1224
1453
1375
1340
1510
1403
1403
1320
1468
1309
0
2545
2239
2697
1979
2150
2263
1871
1948
1981
2220
2141
2126
2175
1810
2327
2173
2656
2382
1807
2002
2243
2558
2654
2254
2185
2269
2167
2305
1987
2108
1949
1871
2359
2084
1914
2087
2284
2340
2205
2232
1986
2415
1938
2213
2458
1957
2607
2375
1994
1949
2084
2320
2025
2192
2082
2156
2372
2743
2296
0
1024
569
442
462
452
476
394
408
467
565
549
615
557
483
450
575
495
538
448
617
410
396
460
497
415
408
469
460
616
505
395
405
391
399
548
440
642
418
401
395
543
491
409
594
456
464
568
503
439
389
432
390
373
330
405
413
347
475
452
340
1239
842
1054
759
850
1007
1108
951
1068
909
913
944
771
896
815
824
996
821
808
959
878
929
948
783
867
1023
925
973
808
818
1041
1099
823
931
843
904
924
972
947
720
1091
910
896
1005
859
867
841
850
865
859
824
790
827
908
1001
961
1090
710
792
886
3169
1350
1588
1888
1757
1854
1538
1468
1461
1517
1782
1691
1606
1646
1839
1564
1770
1751
1674
1878
1488
1244
1627
1650
1675
1474
1379
1814
1503
1701
1529
1328
1531
1347
1344
1920
1448
1827
1531
1681
1624
1776
1598
1479
1556
1513
1601
1363
1524
1504
1311
1208
1636
1875
1814
1316
1587
1573
1532
1823
0
2584
2882
2945
3133
2139
2455
2665
2858
2383
2627
2782
2180
2268
2429
2431
2071
2066
2305
2167
2200
2419
2284
2178
2375
2441
2854
2768
2521
2313
1994
2553
3029
2521
2674
2320
2337
2725
2601
2179
2541
2802
2595
2140
1790
2103
2693
2880
2667
2554
2248
2410
2318
2522
2312
2494
2295
2253
2259
2627
0
0
0
0
0
0
0
0
0
0
0
0
0
0
0
0
0
0
0
0
0
0
0
0
0
0
0
0
0
0
0
0
0
0
0
0
0
0
0
0
0
0
0
0
0
0
0
0
0
0
0
0
0
0
0
0
0
0
0
0
0
0
0
0
0
0
0
0
0
0
0
0
0
0
0
0
0
0
0
0
0
0
0
0
0
0
0
0
0
0
0
0
0
0
0
0
0
0
0
0
0
0
0
0
0
0
0
0
0
0
0
0
0
0
0
0
0
0
0
0
0
0
0
0
0
0
0
0
0
0
0
0
0
0
0
0
0
0
0
0
0
0
0
0
0
0
0
0
0
0
0
0
0
0
0
0
0
0
0
0
0
0
0
