18
11
12
20
12
17
26
34
24
12
46
22
32
25
26
13
20
21
15
39
17
52
45
15
26
13
13
17
44
40
13
12
28
46
20
13
21
40
24
23
37
23
24
15
28
19
45
13
22
14
32
12
18
22
42
12
17
21
39
17
14
39
34
16
10
31
22
14
22
11
23
15
52
28
42
33
29
12
31
41
44
19
15
30
36
34
46
13
24
22
17
32
32
11
49
35
15
20
35
20
37
12
43
39
45
13
13
29
50
19
13
12
14
18
36
15
39
24
30
26
33
31
12
20
26
26
26
29
12
25
41
14
46
11
29
24
31
34
41
30
12
27
13
13
26
57
18
49
13
34
13
31
0
26
35
35
81
24
12
12
74
68
10
12
15
12
38
101
31
21
21
40
44
98
25
12
12
43
39
67
64
65
68
18
63
13
13
22
54
13
45
39
24
40
12
28
41
30
30
13
13
38
30
68
44
22
28
46
16
39
23
25
0
20
13
38
34
41
14
24
37
17
13
12
12
30
24
12
17
16
25
20
13
21
46
13
41
13
33
19
22
28
28
18
12
38
30
20
20
45
48
12
12
36
12
13
32
37
15
41
36
29
13
16
19
12
14
12
20
12
14
29
4
15
13
24
26
27
40
47
12
11
32
10
12
13
38
27
12
39
11
27
65
16
55
32
32
12
18
20
25
11
30
20
18
12
17
11
13
16
14
67
29
20
22
29
12
54
31
26
10
38
18
26
33
19
13
13
20
14
19
12
33
45
35
15
27
45
14
27
23
38
19
25
23
70
41
31
22
71
38
13
23
17
13
17
12
26
21
51
15
73
35
23
10
30
13
21
52
26
59
11
23
30
12
56
19
22
47
20
23
14
11
14
31
51
45
53
44
65
30
15
21
79
5
56
46
47
93
15
97
40
83
20
43
64
115
16
84
37
9
55
46
29
55
19
23
41
42
25
22
13
13
42
22
98
19
68
26
75
10
21
40
11
21
78
16
32
15
34
12
17
16
21
11
45
10
58
100
32
31
22
41
196
10
68
10
31
0
11
26
56
0
36
10
37
8
25
9
40
48
2
67
17
24
7
27
35
19
12
41
21
25
20
13
11
21
12
35
15
36
10
50
67
10
13
38
11
19
17
7
7
18
24
38
9
28
9
26
16
14
16
49
0
17
14
12
61
26
60
10
119
17
8
30
105
12
28
78
6
20
18
19
11
73
15
10
19
28
36
12
77
12
22
28
0
32
13
74
24
12
29
16
13
33
39
14
61
62
39
31
27
12
13
15
29
32
29
14
47
40
16
12
0
22
31
43
21
24
58
15
57
224
17
83
45
12
10
12
7
15
17
90
37
87
59
11
37
1
14
20
2
32
21
55
4
4
22
36
0
0
39
34
16
32
26
6
18
12
14
23
5
49
28
36
14
40
15
11
46
9
8
15
25
6
12
28
80
18
38
63
21
10
18
7
45
10
12
7
42
56
53
37
48
11
13
48
76
11
2
25
28
64
55
45
63
14
7
37
39
66
19
8
50
26
42
12
18
39
26
11
18
11
73
63
52
40
43
0
40
59
7
23
90
13
7
108
11
9
10
48
11
19
16
33
10
44
5
30
15
29
10
14
46
38
24
16
55
7
13
28
50
30
20
65
22
28
13
11
56
35
44
9
22
35
19
12
73
41
72
57
10
77
47
11
41
12
26
106
17
26
56
30
108
30
50
41
0
5
125
8
0
17
14
2
17
37
10
63
32
17
36
12
5
21
32
43
20
68
0
4
21
56
2
86
23
27
10
17
62
0
0
12
27
22
33
8
8
18
7
0
9
67
59
75
8
0
70
0
104
0
22
0
15
0
17
63
49
12
36
10
74
0
20
21
21
7
59
33
25
51
36
19
41
58
23
74
8
4
16
29
58
8
63
7
49
43
11
26
0
11
64
50
59
44
50
1
3
9
6
13
70
0
0
48
73
10
15
35
38
20
57
31
13
0
32
12
34
140
26
19
36
127
14
61
26
0
0
25
38
55
60
22
24
12
14
44
10
73
75
31
33
35
30
4
46
50
48
43
52
60
28
13
60
18
74
51
0
0
106
42
8
218
57
31
46
54
90
44
9
4
17
14
66
0
21
12
19
15
29
28
19
21
13
22
31
27
28
17
24
18
28
13
18
31
23
20
51
36
14
14
25
30
13
13
13
17
35
34
15
12
17
21
29
15
15
25
13
40
13
38
62
12
32
35
15
19
32
12
18
16
24
20
25
14
16
13
49
35
15
26
13
38
13
17
65
13
10
12
18
28
12
26
12
11
13
18
24
46
21
22
16
27
17
24
59
12
31
36
14
33
14
13
25
26
15
26
29
16
32
24
13
17
12
20
25
28
13
28
60
36
32
21
12
13
11
7
15
12
15
37
23
70
61
27
13
51
23
84
36
29
48
22
14
35
24
12
34
26
47
13
16
65
26
26
16
25
13
61
30
52
22
25
27
11
38
83
38
66
20
55
25
12
76
14
22
35
58
27
66
25
28
12
55
82
0
25
12
28
18
45
9
51
32
14
40
16
43
26
35
11
52
28
28
44
12
54
24
39
15
34
58
41
18
60
21
26
21
21
12
23
13
87
11
17
29
19
23
16
31
25
22
16
25
21
23
26
61
92
28
35
38
14
24
42
0
20
17
13
31
23
14
12
29
28
35
22
37
13
12
13
25
22
26
23
15
12
15
14
27
13
49
23
12
10
34
13
27
35
23
26
32
33
14
55
35
57
37
32
29
12
12
12
46
39
40
45
16
14
16
25
29
13
37
32
27
14
50
46
12
43
14
41
20
26
15
11
27
42
31
19
26
24
12
31
38
15
22
14
55
14
14
24
68
15
18
17
13
19
36
13
18
24
20
19
12
13
21
34
32
26
23
13
16
18
40
19
57
20
15
32
48
39
34
40
13
24
36
20
57
13
26
29
10
42
25
15
12
15
16
12
50
11
18
16
12
88
20
21
34
37
15
53
32
26
31
23
18
15
29
28
15
35
30
49
13
62
25
9
53
20
26
23
31
20
11
29
41
31
39
27
34
15
26
24
19
830
32
78
31
19
23
9
77
12
74
15
25
27
75
9
4
179
27
90
30
48
38
35
16
17
12
61
35
41
48
10
100
21
38
69
59
58
5
9
68
33
109
76
48
119
36
34
39
42
22
26
9
6
49
37
13
12
25
33
37
0
22
13
33
25
18
17
19
45
36
14
42
41
20
40
20
32
28
38
11
21
60
14
12
12
16
33
10
33
11
24
29
10
8
13
13
10
16
16
17
20
15
27
23
31
30
26
8
20
25
21
12
28
6
30
47
24
7
19
13
0
43
20
18
11
17
16
8
81
20
57
64
89
12
9
51
46
10
79
16
19
50
12
16
32
20
29
35
16
20
37
62
13
19
10
11
18
8
18
63
11
21
27
33
24
15
8
75
38
24
41
46
34
29
39
25
55
22
31
55
4
17
32
12
21
18
3
56
52
0
58
19
30
29
128
15
43
74
5
39
5
41
24
18
11
64
21
15
31
0
101
10
70
64
0
3
30
48
11
16
12
18
48
107
18
8
0
11
28
80
6
62
56
47
13
17
3
85
35
54
49
110
7
88
32
54
5
36
34
0
51
25
65
1
55
76
30
0
86
32
47
55
24
19
53
84
31
24
0
36
94
0
8
60
2
4
67
1
3
40
110
0
67
19
29
85
28
58
28
46
26
40
78
4
156
2
66
50
5
0
62
270
67
14
48
27
67
25
0
0
26
7
0
17
14
5
23
32
20
41
41
6
0
26
26
68
44
6
58
11
9
27
26
35
2
37
9
29
34
8
60
98
69
71
17
74
23
27
45
27
58
16
27
59
28
6
47
38
16
39
34
0
6
12
72
17
20
82
47
21
11
9
30
12
38
37
26
33
7
10
12
31
36
24
18
0
24
21
8
62
53
0
39
8
25
20
2
27
88
9
51
48
58
64
40
41
12
36
52
22
5
10
11
35
52
32
16
11
7
5
26
0
59
1
15
9
19
7
115
90
61
55
53
24
104
17
24
80
0
29
1
34
48
0
2
118
72
105
117
101
0
8
37
16
32
52
12
22
22
52
30
8
44
63
30
43
11
60
1
51
9
36
19
50
78
30
73
121
6
30
9
44
1
39
29
58
66
26
29
56
6
78
0
0
52
123
26
157
2
107
25
67
11
0
10
50
130
79
75
70
0
74
0
0
48
0
65
55
142
5
15
53
16
102
47
145
18
13
64
0
19
52
54
45
64
2
51
70
52
44
0
14
32
33
16
38
25
22
14
15
15
32
14
17
28
25
12
17
29
13
19
12
20
18
12
31
44
25
19
13
38
27
29
23
12
12
17
16
34
17
21
36
32
18
22
22
23
40
33
23
15
35
17
17
25
23
19
13
20
13
20
35
64
54
67
24
23
26
22
28
33
17
30
13
18
14
19
17
35
12
28
15
43
24
45
30
22
13
40
27
14
53
47
44
18
42
21
26
33
66
18
34
13
36
17
16
17
37
58
12
19
33
14
46
25
45
19
26
43
12
38
51
0
127
134
128
93
37
27
25
15
24
29
97
21
29
45
25
27
37
34
24
19
54
18
17
26
23
18
36
30
37
33
13
27
19
17
85
30
41
24
19
21
25
164
55
51
23
32
38
32
14
38
42
15
43
12
44
12
41
121
33
0
256
263
256
267
185
94
16
12
41
30
19
25
27
53
38
21
29
42
19
37
15
32
40
41
27
30
46
32
38
34
34
14
39
28
53
39
42
86
43
45
23
37
18
44
50
16
58
33
138
13
19
19
15
17
45
36
23
29
16
18
57
24
13
34
13
24
19
28
38
21
25
22
18
58
38
21
27
20
11
39
29
28
19
45
36
15
59
19
28
38
15
27
13
21
18
39
16
23
22
30
30
25
60
58
32
19
27
18
43
22
26
35
14
23
17
41
10
44
46
15
128
112
36
18
20
33
10
31
15
13
38
56
22
25
25
24
20
24
28
12
32
11
14
40
19
40
21
19
20
20
16
22
21
31
54
35
26
33
34
33
21
22
31
18
18
43
29
25
22
17
15
39
24
18
19
31
45
22
20
12
256
249
254
31
118
58
16
74
30
27
16
14
48
34
36
42
12
55
101
24
17
17
15
21
16
73
46
25
13
43
22
45
83
14
21
15
15
16
29
61
24
17
26
13
13
13
92
18
41
25
17
38
51
33
15
18
36
31
13
23
0
511
511
514
88
38
52
37
22
75
24
75
16
17
47
10
29
12
8
49
26
45
17
9
37
102
39
22
58
11
64
18
67
87
17
32
96
45
91
24
56
18
13
9
28
22
7
10
14
32
11
76
51
28
12
33
31
17
26
38
0
146
31
94
37
9
44
14
16
13
38
55
34
57
30
41
31
21
48
85
33
28
16
48
15
11
17
29
21
30
29
31
23
11
26
18
15
23
12
25
22
29
68
35
32
45
10
41
17
7
16
45
40
42
53
18
47
10
68
57
24
276
40
15
55
30
68
12
84
27
26
32
33
34
26
30
66
11
21
22
23
10
53
13
32
18
37
15
46
76
22
26
94
37
11
8
49
25
44
61
54
28
19
32
14
13
22
37
10
31
73
18
22
6
50
25
16
21
27
20
13
511
492
15
11
29
19
51
56
22
31
19
30
48
34
52
11
6
16
15
14
35
70
18
6
37
27
26
12
11
30
60
18
55
13
3
36
42
36
142
50
26
28
148
160
79
5
22
63
35
54
76
13
17
16
43
21
21
8
75
45
0
829
769
59
32
34
26
15
61
18
1
28
17
47
10
116
63
33
39
46
37
12
34
39
22
89
79
30
46
41
13
99
61
56
17
21
4
89
18
21
7
64
4
20
104
5
119
49
37
52
14
93
30
89
16
46
23
115
20
107
0
9
54
9
16
16
14
5
31
35
45
48
33
2
37
39
23
1
54
19
31
33
57
29
19
33
7
17
17
4
17
45
29
20
58
23
11
18
28
37
14
22
12
18
75
27
6
15
34
13
38
21
31
18
5
13
40
18
18
35
30
408
32
56
12
65
14
22
36
32
28
12
28
81
13
105
28
28
148
23
68
61
0
40
20
10
28
68
132
68
24
0
89
24
94
13
25
0
52
57
9
59
5
27
82
38
34
169
99
49
30
25
21
50
131
12
54
131
29
60
10
641
251
43
12
15
77
18
42
34
24
29
17
65
23
21
26
52
35
86
17
0
34
21
9
27
34
36
81
30
55
7
3
32
0
34
7
77
23
107
29
107
87
24
19
79
74
40
25
126
12
32
24
36
1
119
16
29
2
13
56
1051
838
328
28
61
18
35
41
54
67
133
13
9
67
0
68
18
10
41
51
16
61
50
15
71
10
43
18
79
3
14
47
24
66
120
53
77
115
35
25
14
42
70
114
45
9
1
35
55
25
34
71
0
1
33
39
11
17
22
0
0
27
15
28
14
17
21
36
16
16
16
20
13
20
33
30
12
27
25
15
15
29
48
24
28
27
12
14
27
28
28
23
33
13
17
12
13
31
19
12
16
15
17
25
39
28
28
44
21
41
22
21
17
34
22
14
27
22
18
29
0
18
22
26
42
63
31
29
54
23
13
17
14
31
17
11
21
27
43
24
29
25
12
31
32
14
15
17
16
24
41
19
20
34
23
38
30
38
36
37
43
14
28
16
13
36
35
35
22
37
36
13
22
19
40
49
15
13
28
38
1
11
39
16
11
34
13
16
29
34
24
17
19
12
12
44
43
28
12
24
14
33
28
23
48
61
38
18
38
18
20
53
76
19
40
12
26
30
19
29
12
51
34
13
53
71
37
33
97
25
31
25
44
24
37
13
58
68
36
32
25
14
22
42
19
36
14
22
39
64
26
37
14
16
28
15
22
51
53
13
21
37
19
34
28
15
42
14
34
55
44
46
33
16
113
21
13
59
36
40
36
14
38
23
28
113
42
106
67
34
22
34
58
15
32
16
15
13
14
13
14
66
21
16
68
25
16
20
25
18
12
30
24
27
15
21
16
14
14
14
12
26
25
16
13
23
42
22
13
49
19
21
24
20
16
32
20
15
26
16
47
31
22
19
31
27
23
45
32
29
30
24
35
34
32
22
22
26
14
27
20
0
17
50
26
11
32
18
46
21
35
17
14
29
16
19
25
17
12
39
29
31
16
31
12
40
49
13
14
20
25
12
50
18
18
24
13
38
45
27
64
47
45
32
29
21
18
42
54
16
17
17
16
12
22
20
27
44
33
29
16
0
9
30
22
11
23
20
34
45
65
17
32
23
15
26
44
76
24
28
13
15
19
50
62
16
16
54
19
28
20
25
35
31
22
32
21
18
25
29
47
70
18
34
15
22
14
25
41
44
63
43
28
51
93
28
13
20
41
40
21
16
9
19
18
27
18
15
10
105
7
15
21
52
6
16
31
5
36
29
12
13
22
73
43
14
11
45
76
78
14
25
65
22
103
17
23
30
18
65
27
52
16
20
68
230
30
20
43
93
63
55
88
22
24
14
28
50
75
45
18
26
144
13
41
17
32
35
16
7
27
11
25
29
7
34
16
58
44
53
28
23
26
12
22
44
21
4
46
34
20
40
30
54
34
52
7
20
21
30
21
24
26
49
21
9
14
25
10
56
62
12
6
29
31
37
23
45
35
14
22
33
255
39
9
60
16
21
18
9
12
20
22
6
17
41
30
31
18
2
53
18
53
13
15
26
21
50
10
37
8
16
78
12
13
35
40
21
29
61
48
22
15
39
32
128
56
5
81
28
18
23
22
12
8
19
19
11
25
41
18
18
0
49
20
19
64
47
31
27
29
44
52
25
46
7
8
28
26
20
7
7
25
43
51
50
32
9
15
13
49
66
49
1
22
39
0
19
44
48
61
11
4
65
51
66
55
24
58
2
33
12
78
43
11
24
13
78
11
105
16
21
0
164
18
1
48
147
17
48
0
9
91
82
16
7
55
60
41
29
53
229
42
18
21
30
101
54
159
85
31
22
50
32
70
57
114
12
108
16
2
5
58
128
11
3
37
7
113
4
114
5
3
27
121
62
47
58
7
28
2
104
63
63
16
30
17
8
15
61
82
29
30
87
39
33
63
59
0
41
4
33
30
0
12
39
20
34
27
34
29
10
30
41
35
12
43
63
45
12
10
8
2
20
7
0
37
9
26
36
17
2
90
23
24
11
4
17
6
32
58
25
48
431
12
19
24
56
37
32
16
6
56
76
6
8
114
63
65
25
1
33
56
79
8
47
3
35
64
27
17
64
5
51
64
82
25
19
61
87
15
18
48
4
31
85
16
23
77
23
29
42
9
68
17
1
33
4
42
11
12
22
68
0
7
0
50
26
51
6
17
16
36
9
36
35
40
47
33
23
50
12
115
187
18
39
6
38
55
36
112
0
36
100
0
54
26
0
8
20
35
90
34
48
59
29
50
26
34
12
46
0
96
20
45
32
0
38
3
11
25
45
47
0
90
48
59
94
17
0
88
11
29
0
25
71
26
45
108
79
26
0
11
9
104
15
63
28
0
5
46
20
19
0
90
114
0
159
58
17
19
2
31
71
25
51
58
8
9
34
181
0
69
58
1
147
34
77
17
3
52
105
49
10
0
0
0
0
0
0
0
0
0
0
0
0
0
0
0
0
0
0
0
0
0
0
0
0
0
0
0
0
0
0
0
0
0
0
0
0
0
0
0
0
0
0
0
0
0
0
0
0
0
0
0
0
0
0
0
0
0
0
0
0
0
0
0
0
0
0
0
0
0
0
0
0
0
0
0
0
0
0
0
0
0
0
0
0
0
0
0
0
0
0
0
0
0
0
0
0
0
0
0
0
0
0
0
0
0
0
0
0
0
0
0
0
0
0
0
0
0
0
0
0
0
0
0
0
0
0
0
0
0
0
0
0
0
0
0
0
0
0
0
0
0
0
0
0
0
0
0
0
0
0
0
0
0
0
0
0
0
0
0
0
0
0
0
0
0
0
0
0
0
0
0
0
0
0
0
