32
32
32
32
32
32
31
32
32
32
32
32
32
32
32
32
32
32
32
32
32
32
32
32
32
32
32
32
32
32
32
32
32
32
32
32
32
32
32
32
32
32
64
64
64
64
64
64
64
64
64
64
64
64
64
64
64
64
64
64
64
64
64
64
64
64
64
64
64
64
64
64
64
64
64
64
64
64
64
64
64
64
64
64
64
64
64
64
64
64
64
64
64
64
64
64
64
64
64
64
64
64
128
128
128
128
128
128
128
128
128
128
128
128
128
128
128
128
128
128
128
128
128
128
128
128
128
128
128
128
128
128
128
128
128
128
128
128
128
128
128
128
128
128
128
128
128
128
128
128
128
128
128
128
128
128
128
128
128
128
128
128
0
256
256
252
256
236
256
256
256
256
256
240
256
250
250
256
256
256
256
256
256
256
247
256
256
256
256
256
256
256
256
256
256
256
256
256
249
256
256
256
256
256
255
256
256
256
256
256
256
256
256
256
256
256
256
256
256
256
256
256
256
64
64
64
64
64
64
64
64
63
64
64
64
64
64
63
64
64
64
64
64
64
64
64
64
64
64
64
64
64
64
64
64
64
64
64
64
64
64
64
64
64
64
64
64
64
64
64
64
64
64
64
64
64
64
64
64
64
64
64
64
128
128
128
128
123
114
128
128
128
128
117
113
126
112
126
118
122
128
128
128
128
128
128
128
128
128
128
128
128
128
128
128
128
128
128
128
128
128
110
121
115
123
113
112
110
114
123
118
111
112
114
120
111
112
111
113
112
119
111
114
256
256
256
254
248
252
256
256
255
252
256
246
253
256
243
252
256
251
249
256
256
248
239
253
256
256
256
251
214
206
217
237
241
229
232
216
256
252
224
233
237
232
225
229
211
229
247
228
240
229
245
244
221
210
220
228
216
233
247
249
0
367
319
413
403
343
358
372
318
435
342
358
421
436
383
420
421
376
501
445
416
476
395
417
443
463
399
416
400
421
412
458
411
460
421
464
341
366
406
382
410
378
445
467
456
437
440
460
463
471
474
427
428
494
462
478
434
442
442
480
0
128
128
128
128
128
128
128
128
128
128
128
128
128
116
117
107
107
118
96
96
96
97
96
96
99
96
96
96
100
102
95
95
95
94
96
97
96
97
98
95
95
97
102
98
96
100
90
98
96
104
96
92
97
104
96
98
95
95
93
100
251
244
239
205
207
218
188
179
174
165
155
161
142
131
150
143
149
172
165
143
164
167
161
160
202
169
201
199
176
185
206
160
163
177
175
179
176
161
160
163
169
145
161
181
164
162
164
164
166
157
172
176
162
180
194
214
178
170
150
171
371
349
336
361
363
355
390
316
283
333
321
344
294
293
336
289
346
272
262
326
261
336
387
295
254
305
263
269
287
276
276
284
269
267
258
291
283
275
279
378
349
338
333
335
294
285
282
319
280
263
291
298
342
262
267
322
307
332
315
388
0
404
514
471
509
425
496
482
445
346
503
517
398
465
472
519
596
565
446
536
416
511
414
417
563
529
591
513
407
458
490
435
515
514
489
514
546
471
524
561
534
601
550
514
552
547
538
505
534
458
595
580
429
538
522
548
520
565
521
555
0
172
113
152
119
121
117
139
96
108
145
158
159
146
160
145
151
117
131
117
107
149
96
152
135
127
139
119
151
139
148
134
153
127
127
136
155
137
116
132
123
124
134
119
114
124
117
117
166
157
117
110
113
139
157
137
173
141
119
129
136
340
308
259
194
261
252
206
244
326
237
199
242
210
269
305
288
242
246
254
264
275
243
270
227
202
200
263
228
277
258
214
301
257
250
253
217
193
203
236
228
263
283
289
331
260
260
225
279
258
239
250
250
274
266
219
199
239
208
214
199
380
313
286
250
288
293
297
334
268
237
293
278
291
256
289
299
267
282
340
337
301
264
243
350
279
247
271
267
255
312
281
282
307
319
261
236
360
341
401
364
336
368
483
392
394
361
361
324
315
351
330
351
357
408
444
361
365
348
361
367
879
686
627
609
550
484
440
479
472
415
388
458
488
549
442
446
568
544
578
588
589
573
448
611
570
535
491
530
554
552
526
553
558
561
444
528
413
454
506
426
405
516
397
465
509
524
491
469
529
549
495
550
492
516
552
467
479
452
510
513
0
32
32
32
32
32
32
32
32
32
32
32
32
32
32
32
32
32
32
32
32
31
32
31
32
32
32
32
32
32
32
32
32
32
32
32
32
32
31
32
32
32
32
32
32
32
32
32
32
32
32
32
32
32
32
32
32
32
32
32
32
64
64
64
64
64
64
64
64
64
64
64
64
64
64
64
64
64
64
64
64
64
64
64
64
64
64
64
64
64
64
64
64
64
64
64
64
64
64
64
64
64
64
64
64
64
64
64
64
64
64
64
64
64
64
64
64
64
64
64
64
128
128
128
128
128
128
128
128
128
128
128
128
128
128
128
128
128
128
128
128
128
128
128
128
128
128
128
128
128
128
128
128
128
128
128
128
128
128
128
128
128
128
128
128
128
128
128
128
128
128
128
128
128
128
128
128
128
128
128
128
38
256
256
256
256
256
256
256
256
256
256
256
256
256
256
256
256
256
256
256
256
247
256
249
256
256
256
256
256
256
256
256
256
256
256
256
256
256
256
256
256
256
253
230
256
256
256
256
239
254
256
252
256
256
255
256
256
256
243
244
0
64
64
64
64
62
64
64
64
64
64
64
64
64
64
64
64
64
64
64
64
64
64
64
64
64
64
64
64
64
64
64
64
64
64
64
64
64
64
64
64
64
64
64
64
64
64
64
64
64
64
64
64
64
64
64
64
64
64
64
64
128
128
128
128
128
128
125
125
128
128
122
126
120
121
118
128
125
128
128
128
121
124
128
128
128
125
106
110
111
118
106
114
128
125
128
118
122
111
117
114
112
113
116
128
128
128
128
128
128
111
115
123
128
117
113
124
123
111
116
128
256
256
242
220
211
192
241
226
223
195
213
244
227
210
248
229
215
166
256
212
227
248
249
240
205
227
250
201
230
213
225
208
211
203
254
212
256
228
243
215
235
215
222
196
226
205
217
185
256
251
199
221
256
256
256
256
256
251
256
221
0
508
500
512
491
501
492
510
451
478
456
407
453
452
502
468
424
475
366
497
457
478
512
494
434
451
438
440
476
467
456
442
423
507
459
449
452
504
500
509
493
485
406
447
443
370
415
469
437
452
440
475
454
473
490
436
490
506
495
481
0
128
128
128
95
97
99
98
94
95
97
91
104
95
100
103
122
90
96
96
97
96
95
101
96
102
95
95
96
96
95
95
96
96
95
96
96
95
95
95
109
112
94
95
93
113
99
121
105
121
113
119
107
111
128
106
110
119
104
96
101
254
198
191
203
215
217
231
174
210
210
215
194
197
194
191
230
219
218
220
212
207
216
192
207
211
211
207
207
211
205
194
216
208
213
211
213
195
209
208
220
206
193
203
220
197
199
202
183
193
207
214
197
201
210
207
199
210
203
188
202
350
353
332
391
276
323
358
294
228
322
258
277
269
318
266
289
313
276
328
302
304
359
299
338
343
301
332
285
342
255
290
406
324
350
250
262
321
317
363
388
310
357
369
323
332
294
390
303
311
260
281
304
314
372
337
318
316
257
332
335
0
767
591
539
479
610
521
495
570
495
566
487
549
503
511
558
524
499
478
554
602
600
517
530
709
703
630
582
638
555
572
482
490
544
514
514
497
471
610
618
611
529
498
527
582
552
564
510
516
585
543
581
490
513
548
523
504
492
609
552
0
151
154
165
154
173
127
131
124
154
126
126
99
118
112
109
113
111
112
114
121
109
131
131
114
133
112
116
111
112
142
112
110
116
110
117
117
130
136
126
99
117
142
113
117
122
149
100
173
119
126
104
93
125
112
97
110
105
134
118
105
307
254
274
253
247
229
276
215
214
313
287
231
251
287
224
247
218
232
215
253
196
282
252
246
232
283
250
221
296
246
217
209
239
231
260
218
260
255
243
226
236
245
218
255
242
250
221
230
212
210
202
210
277
263
303
257
243
291
229
227
418
305
340
304
312
398
364
366
341
278
336
385
301
345
360
325
365
360
342
311
311
309
404
389
343
330
359
397
310
397
413
352
384
309
315
386
389
323
437
404
379
370
415
313
378
330
383
403
427
392
352
384
342
406
367
379
324
386
324
393
0
584
663
639
628
623
593
678
596
556
580
555
655
561
673
512
603
534
550
562
577
594
664
613
547
630
554
493
613
531
571
585
556
597
614
592
511
523
506
535
607
620
607
515
661
531
600
576
612
649
559
497
573
549
619
690
557
573
721
594
0
32
32
32
32
32
32
32
32
32
32
32
32
32
32
32
32
32
32
31
32
32
32
32
32
32
32
32
32
32
32
32
32
32
32
32
32
32
32
32
32
32
32
32
32
32
32
32
32
32
30
32
32
30
32
31
32
32
32
32
32
64
64
64
64
64
64
64
64
64
64
64
64
64
64
64
62
64
64
64
64
64
64
64
64
64
64
63
64
64
64
64
64
64
64
64
64
64
64
64
64
64
64
64
64
64
64
64
64
64
64
64
62
64
64
64
64
64
64
64
64
128
127
128
128
128
128
128
128
128
128
124
128
128
128
128
128
128
128
128
128
128
128
127
128
128
128
128
128
128
128
128
128
128
128
128
128
128
128
128
128
128
128
128
128
128
128
128
128
128
128
128
128
128
128
128
128
128
128
128
128
0
256
256
256
256
256
252
241
219
256
256
213
226
256
256
244
255
256
249
256
218
200
209
215
244
210
256
256
248
256
255
255
256
256
256
256
256
255
256
256
256
256
256
256
256
256
256
255
210
247
249
256
256
256
256
253
256
256
256
256
0
64
64
64
64
64
64
64
64
63
64
64
64
64
64
64
64
64
64
64
64
64
64
64
64
64
64
64
64
64
63
64
64
64
64
64
64
64
64
64
64
64
64
62
64
64
64
64
64
64
64
64
64
64
64
64
64
64
64
64
64
128
128
128
128
128
128
128
128
125
128
126
128
128
127
128
128
128
122
128
113
128
127
128
128
122
128
128
128
128
128
128
128
128
128
126
128
128
128
128
119
128
128
128
128
128
126
128
128
128
128
128
128
128
128
128
128
128
128
128
128
256
256
254
219
241
241
217
193
203
201
256
205
219
238
256
239
198
256
251
256
256
256
238
210
256
256
256
256
250
231
233
237
239
238
253
256
256
234
256
236
235
238
234
218
224
236
230
239
230
218
229
245
256
249
240
256
256
247
256
256
502
512
512
511
433
425
363
310
326
444
385
451
345
334
407
354
325
311
350
354
502
244
369
471
468
404
394
502
436
511
426
476
477
425
459
448
499
464
400
420
499
445
449
414
454
512
459
512
442
480
506
512
512
494
493
469
476
492
500
493
0
128
128
128
128
128
128
128
128
128
128
128
128
128
128
128
128
128
128
128
128
128
128
128
128
128
128
128
128
127
128
128
109
128
128
128
128
128
115
105
107
96
103
99
99
97
102
95
100
101
104
99
100
95
98
95
95
99
97
96
95
256
256
256
242
208
204
224
191
216
218
212
221
214
237
199
226
200
209
194
200
179
211
202
217
214
202
206
200
207
195
188
199
204
223
203
209
199
199
204
199
194
202
203
202
200
199
213
199
204
195
192
202
193
169
225
206
207
197
186
213
512
510
359
303
364
357
345
299
323
361
297
425
352
365
340
324
282
345
326
304
315
280
331
360
359
373
280
300
281
343
321
341
304
295
345
403
259
275
360
417
291
338
392
322
340
411
364
346
352
349
394
401
283
387
375
362
330
326
267
280
709
743
683
548
426
425
437
375
364
451
447
468
362
400
462
410
488
551
502
513
575
524
532
536
541
547
593
557
598
595
549
526
580
582
497
548
519
505
635
535
517
476
502
569
667
594
582
533
606
563
623
512
578
602
581
475
594
640
563
491
0
187
114
122
116
126
173
161
154
159
160
149
168
155
138
150
144
162
153
118
119
120
141
129
156
135
139
118
124
120
191
142
111
124
110
118
147
115
109
108
153
155
153
106
110
117
116
161
114
143
123
123
136
127
123
150
158
122
119
153
152
486
253
308
234
264
267
201
392
249
303
253
229
275
253
270
256
201
195
213
257
303
271
215
256
241
250
234
256
196
206
258
299
199
261
279
227
234
241
248
213
308
252
239
330
262
241
237
227
260
272
260
242
247
206
264
234
264
293
271
220
388
441
365
375
362
369
367
415
365
326
286
400
345
373
322
346
359
366
350
404
363
419
313
342
337
302
364
366
352
320
313
343
310
327
330
290
346
418
318
373
368
421
326
347
305
343
392
381
347
303
364
292
413
324
311
278
362
323
362
394
972
907
863
533
653
507
505
498
556
547
621
684
492
591
591
578
606
554
424
526
573
566
626
603
552
618
522
539
549
539
551
519
667
670
587
586
611
629
564
663
637
590
667
614
547
600
636
645
583
625
613
607
670
779
655
656
537
649
696
597
0
32
32
32
32
32
32
32
32
32
32
32
32
32
32
32
32
32
32
32
32
31
32
32
32
32
32
32
32
32
32
32
32
32
32
32
32
32
32
32
32
32
32
32
32
32
32
32
32
31
32
32
32
32
32
32
32
32
32
32
32
64
64
64
64
64
64
64
63
64
64
64
64
64
64
64
64
64
64
64
64
64
64
64
64
64
64
64
64
64
64
64
64
64
64
64
63
64
64
64
64
64
64
64
64
64
64
64
64
64
64
64
64
64
64
64
64
64
64
64
64
128
128
128
128
128
128
128
128
128
128
128
128
128
128
128
128
128
128
128
128
128
128
128
128
128
128
128
128
128
127
128
128
128
128
128
128
128
128
128
128
128
128
128
128
128
128
128
128
128
128
128
128
128
128
128
128
128
128
128
128
40
256
256
256
256
256
256
256
256
253
256
256
256
256
250
256
241
254
256
256
256
243
236
256
256
256
256
232
244
245
250
256
256
256
256
256
256
256
256
256
256
256
256
255
245
256
256
256
254
256
256
238
256
256
256
256
252
256
250
256
0
64
64
64
64
64
64
64
64
64
63
64
64
64
64
64
64
64
64
64
64
64
64
64
64
64
64
64
64
64
64
64
64
64
64
64
64
64
64
64
64
64
64
64
64
64
64
64
64
64
64
63
64
64
64
64
64
64
64
64
64
128
128
128
128
128
128
128
128
124
128
128
128
128
128
128
123
128
128
128
119
128
128
128
128
128
128
128
128
128
109
128
128
122
113
128
128
128
128
126
128
128
128
128
128
111
128
124
128
128
128
128
128
128
128
114
128
128
128
128
128
256
194
247
237
256
224
220
235
249
204
179
253
199
215
182
253
254
254
198
227
249
256
256
246
238
249
238
247
255
256
256
256
242
256
243
256
246
256
256
233
236
244
233
237
233
218
241
225
247
239
222
216
242
232
219
247
241
236
247
256
0
512
512
454
487
482
494
449
464
488
498
466
499
425
464
454
457
499
446
475
487
485
469
412
493
453
477
407
459
441
495
504
461
465
459
424
493
512
440
512
485
462
447
512
419
510
459
474
486
512
481
501
497
503
488
444
479
450
465
461
0
128
128
128
113
128
103
128
107
106
113
122
104
127
108
128
103
128
128
128
109
128
128
128
128
128
128
128
128
127
128
128
128
128
116
109
128
128
128
106
106
108
103
109
105
128
128
128
128
111
128
128
128
112
128
128
128
128
128
128
128
256
215
183
164
206
201
177
190
175
161
198
197
187
205
220
205
211
199
201
201
206
193
200
212
198
200
227
159
137
207
198
169
176
186
180
184
201
170
171
195
171
182
168
184
173
181
190
199
199
199
200
208
205
192
196
204
205
220
202
200
508
388
417
348
354
342
318
311
359
383
324
355
320
314
309
284
303
320
309
293
277
351
354
340
352
281
315
306
378
313
321
330
293
311
332
340
400
413
357
401
361
388
344
327
343
321
356
325
316
333
305
366
346
343
378
351
358
330
381
374
0
687
562
672
504
535
605
482
494
529
564
562
553
572
483
617
538
678
658
470
549
591
640
674
573
532
577
603
576
537
549
525
486
614
524
504
566
572
583
562
568
504
633
490
554
629
517
670
639
515
509
521
589
515
581
522
573
634
692
608
0
256
144
110
116
117
119
97
116
121
141
142
161
149
134
120
152
133
153
120
156
98
100
127
153
99
112
116
118
151
126
103
102
96
102
157
111
154
105
103
112
143
135
118
169
112
116
143
125
135
104
106
99
97
101
123
104
95
118
125
113
314
205
280
224
226
248
282
242
267
246
228
243
213
265
230
234
257
205
221
288
225
231
250
208
235
256
243
243
213
221
262
274
227
252
265
274
234
250
249
194
312
228
240
259
230
221
211
212
249
234
206
213
231
262
261
242
281
219
204
222
799
358
441
497
459
465
422
385
362
425
473
423
412
390
496
410
446
442
410
474
372
325
442
474
412
382
381
506
402
428
381
367
413
362
366
486
401
466
426
453
427
480
404
375
413
437
412
409
381
383
366
334
424
464
480
369
407
427
421
471
0
712
735
730
797
533
633
719
722
655
671
696
551
576
612
635
551
533
599
603
584
620
571
572
594
635
723
702
641
600
522
650
781
634
688
587
584
710
667
651
641
711
668
537
500
558
687
748
709
652
593
605
609
642
592
674
595
561
627
673
0
0
0
0
0
0
0
0
0
0
0
0
0
0
0
0
0
0
0
0
0
0
0
0
0
0
0
0
0
0
0
0
0
0
0
0
0
0
0
0
0
0
0
0
0
0
0
0
0
0
0
0
0
0
0
0
0
0
0
0
0
0
0
0
0
0
0
0
0
0
0
0
0
0
0
0
0
0
0
0
0
0
0
0
0
0
0
0
0
0
0
0
0
0
0
0
0
0
0
0
0
0
0
0
0
0
0
0
0
0
0
0
0
0
0
0
0
0
0
0
0
0
0
0
0
0
0
0
0
0
0
0
0
0
0
0
0
0
0
0
0
0
0
0
0
0
0
0
0
0
0
0
0
0
0
0
0
0
0
0
0
0
0
