32
32
32
32
32
32
32
32
32
32
32
32
31
32
32
32
32
32
32
32
32
32
32
33
32
32
32
32
32
32
32
32
32
32
32
32
32
32
30
32
32
32
64
64
64
64
64
64
64
64
64
64
64
64
64
64
64
64
64
64
64
64
64
64
64
64
64
64
64
64
64
64
64
64
64
63
64
64
64
58
64
64
64
64
64
64
64
64
64
64
64
64
64
64
64
64
64
64
64
64
64
64
128
128
128
128
128
128
128
128
128
126
128
128
129
123
128
128
128
128
128
128
128
128
128
128
128
128
128
128
128
128
128
128
128
128
128
128
124
128
128
125
128
128
128
128
128
128
128
128
128
128
128
128
128
128
128
128
128
128
128
128
0
256
256
253
256
233
256
256
256
256
256
238
256
249
250
256
256
257
256
256
254
255
246
256
256
257
256
256
256
256
256
256
256
256
256
256
249
256
256
257
256
256
253
256
256
256
256
256
256
256
251
256
256
256
256
256
256
256
248
256
256
64
64
64
64
64
64
64
64
64
64
64
64
63
64
64
64
64
64
64
64
64
64
64
64
64
64
64
64
64
64
64
64
64
64
64
60
64
64
64
64
64
64
64
64
64
64
64
64
64
64
64
64
64
64
64
64
64
64
64
64
128
128
128
128
120
110
128
128
128
129
115
113
124
113
126
119
120
128
128
128
128
128
128
128
128
128
128
128
128
128
128
128
128
128
128
128
128
128
111
115
115
117
112
111
111
112
119
115
112
112
111
119
111
112
112
114
112
120
112
115
256
256
256
253
245
256
256
256
257
253
256
246
248
249
232
252
256
251
250
256
252
249
231
248
256
256
256
247
214
207
218
224
239
228
230
208
252
233
219
235
231
222
222
225
210
227
231
224
239
225
244
233
220
211
216
229
192
234
246
256
0
358
279
395
400
332
305
358
316
398
340
345
370
425
366
416
397
369
447
425
396
463
405
415
428
464
393
389
389
406
403
434
412
458
421
463
339
366
366
383
410
363
411
455
457
421
439
418
408
469
474
425
386
477
453
460
434
417
436
481
0
128
128
127
128
128
128
128
128
128
128
128
128
128
109
116
108
104
113
97
86
84
89
96
90
84
85
86
89
84
102
88
93
87
87
96
87
89
87
88
84
94
88
93
90
94
84
86
86
96
86
95
90
93
90
89
87
97
96
86
91
244
222
216
199
208
218
169
180
175
159
155
146
133
128
134
143
142
160
164
145
164
161
160
161
202
169
202
200
173
186
207
157
158
179
176
180
176
162
160
164
166
144
158
163
149
163
165
154
154
164
158
177
159
175
194
209
174
166
114
171
329
345
316
350
344
352
383
296
283
272
322
326
291
293
335
278
246
271
253
324
254
256
287
292
248
306
263
253
284
256
258
268
267
252
255
267
256
249
275
374
348
333
328
315
285
279
258
310
281
253
273
297
323
256
265
308
266
321
319
372
0
366
490
468
388
397
492
468
340
303
504
488
360
440
405
511
595
519
392
434
414
478
414
382
493
495
555
455
387
429
480
381
504
487
454
478
464
452
503
476
462
540
532
474
546
545
476
461
512
447
558
472
429
503
522
476
517
499
483
553
0
172
110
115
95
105
111
95
96
109
127
158
138
147
150
128
144
92
114
110
103
124
94
153
100
112
136
120
99
109
149
116
129
114
123
102
107
119
117
132
122
122
104
119
99
120
116
101
166
151
110
98
109
110
132
134
148
138
102
130
125
312
231
206
185
206
235
206
245
308
213
165
238
234
225
292
278
212
225
255
265
235
220
251
224
188
169
258
215
266
239
188
266
251
250
216
201
192
153
186
171
265
282
250
249
237
199
208
224
192
240
147
203
202
226
220
187
121
164
205
199
356
284
232
247
246
254
239
285
246
238
259
264
243
254
260
259
257
271
341
295
278
237
200
352
279
246
260
269
225
249
260
266
281
301
262
228
361
325
388
291
306
325
468
333
311
351
360
313
287
306
303
302
343
395
382
348
328
296
307
367
747
600
509
475
550
473
412
479
470
412
360
364
444
451
429
425
492
519
475
532
587
489
449
561
564
519
455
444
464
533
483
546
544
477
373
474
395
416
474
372
399
424
334
447
439
455
478
418
525
518
489
533
493
514
482
411
480
453
442
512
0
32
32
32
32
32
31
32
32
32
30
32
32
32
32
32
32
32
32
32
32
33
32
32
32
32
32
32
32
32
28
32
32
32
32
32
32
32
32
32
32
32
32
32
32
32
32
32
32
32
32
32
32
33
32
31
32
32
32
32
32
64
64
64
64
64
64
62
64
64
64
64
64
64
64
64
64
64
64
64
64
64
64
64
64
64
64
65
64
64
64
64
64
64
64
64
64
64
64
64
64
64
64
64
64
64
64
64
64
64
64
64
64
64
64
64
63
64
64
64
64
128
128
128
128
128
128
128
128
123
128
128
128
128
128
128
128
128
128
123
128
128
128
128
128
128
128
128
128
128
128
128
128
128
128
128
128
128
128
127
128
128
128
126
129
128
128
128
128
128
127
128
128
128
128
128
128
128
128
128
128
36
256
256
256
256
256
256
256
256
256
256
250
256
256
256
256
256
256
256
256
256
242
256
239
256
256
253
252
256
256
256
254
256
256
256
256
256
256
256
256
256
256
252
231
256
256
256
256
240
255
256
255
256
256
256
256
253
256
243
243
0
64
64
64
64
64
64
64
64
64
64
64
64
62
64
64
64
64
64
64
64
64
64
64
65
64
64
64
64
64
64
64
64
64
64
63
64
64
64
64
64
64
64
64
64
64
64
64
64
64
64
64
64
64
64
64
64
64
64
64
64
128
128
128
128
128
128
126
125
128
128
119
122
120
122
119
128
127
128
128
128
121
122
128
128
128
120
106
95
112
112
106
112
128
122
128
119
119
112
117
111
111
112
113
128
128
128
128
124
128
111
115
120
128
114
114
117
120
112
117
128
246
256
201
188
208
183
213
204
195
187
209
232
227
211
213
233
205
167
251
207
229
215
237
214
199
221
250
194
193
185
216
197
171
191
251
204
256
235
219
215
190
211
222
189
226
205
202
186
256
247
200
222
256
253
257
256
256
249
256
221
0
508
501
512
492
501
485
504
436
471
463
408
450
450
501
448
425
475
367
490
458
474
512
489
432
452
434
438
474
454
457
442
424
493
460
439
448
504
495
510
487
474
406
439
441
360
407
456
434
446
412
475
449
449
491
432
488
492
496
480
0
128
128
128
86
84
95
95
95
93
94
86
99
85
96
89
94
89
93
91
97
92
91
92
97
103
88
93
91
91
93
94
87
93
94
96
95
90
92
86
97
95
94
89
87
101
96
113
105
117
101
120
105
104
128
105
101
114
105
89
88
250
189
192
197
215
208
181
174
204
189
215
192
198
192
192
220
212
215
204
204
208
216
191
204
209
211
207
205
208
200
189
207
207
208
211
203
191
205
205
209
200
193
200
209
196
175
190
182
192
204
197
192
198
203
203
194
207
199
177
184
327
337
281
382
276
317
330
273
221
322
256
266
269
266
266
287
314
262
301
298
284
352
294
336
343
300
319
283
309
255
288
368
320
331
247
262
317
297
338
380
303
353
364
307
307
290
370
294
312
259
273
296
312
347
325
303
286
242
318
332
0
725
512
458
443
587
488
436
570
470
546
428
461
460
449
517
467
473
464
442
575
525
509
530
678
653
604
551
589
551
521
493
428
492
465
483
434
426
562
612
577
454
429
504
522
544
491
451
418
532
490
578
475
512
523
474
420
412
591
469
0
152
154
166
148
169
127
125
117
152
110
95
100
118
101
110
114
111
113
115
119
110
108
105
120
98
113
112
111
110
134
106
111
115
110
114
113
110
124
121
98
96
142
114
116
88
135
102
151
101
89
78
78
117
113
82
111
106
128
120
105
284
203
238
233
226
219
274
193
193
304
288
197
225
287
188
227
203
233
188
241
203
281
209
240
182
234
212
180
271
186
218
190
240
220
260
217
261
224
210
227
209
218
211
245
231
224
199
216
208
207
200
198
236
264
285
239
180
267
209
222
386
296
312
226
294
326
259
347
288
262
299
329
263
318
303
275
353
335
328
298
307
314
387
388
300
221
307
390
311
239
354
351
385
293
304
385
249
275
385
324
369
334
399
312
319
299
340
312
369
367
353
272
318
343
341
361
265
348
316
357
0
526
663
640
594
574
557
659
575
542
552
546
569
561
613
415
546
501
514
535
497
586
612
609
537
629
473
478
606
456
554
533
414
550
531
449
483
434
486
527
593
548
538
510
597
490
558
503
507
530
520
436
533
544
583
563
547
446
703
571
0
32
32
32
32
32
32
32
31
32
32
32
32
32
32
32
32
32
32
32
32
32
32
32
32
32
32
32
32
32
32
32
32
32
32
32
32
32
32
32
32
32
32
32
32
32
32
32
32
32
32
30
32
32
32
32
32
32
32
32
32
64
64
64
64
64
64
64
64
64
64
64
64
64
64
64
64
64
64
64
64
64
64
64
64
64
64
62
64
64
64
64
64
64
64
64
64
62
64
64
64
64
64
63
64
64
64
64
64
64
58
64
64
59
61
64
64
64
64
64
64
128
129
128
128
128
128
128
128
128
128
128
128
128
128
128
128
128
128
128
128
128
128
128
128
128
128
128
128
128
128
128
128
128
128
128
128
128
128
128
128
128
128
128
128
128
128
128
128
128
128
128
128
128
128
128
128
128
128
128
128
0
256
256
256
256
256
253
235
217
256
256
217
226
256
256
220
256
256
247
256
202
200
210
202
216
207
256
256
248
256
255
256
256
256
255
256
256
255
256
256
253
256
256
256
251
251
256
255
208
247
246
256
256
256
256
248
256
256
256
256
0
64
64
64
64
64
64
64
64
64
64
64
64
64
64
64
64
64
59
64
64
64
61
64
64
64
64
57
64
64
64
64
64
64
64
64
62
64
64
64
64
63
64
64
64
64
64
63
64
64
64
64
64
64
64
64
64
64
64
64
64
128
128
128
128
127
128
128
128
128
128
127
128
128
128
128
128
128
116
128
112
128
126
128
128
108
128
128
128
128
128
128
128
128
128
122
128
128
128
128
118
128
128
128
128
128
126
128
128
128
128
128
128
128
128
128
128
128
128
128
128
256
256
256
219
238
239
218
194
204
202
214
201
213
239
256
226
198
256
252
255
256
256
239
211
256
256
256
256
251
232
234
238
240
239
254
256
256
234
254
237
235
239
228
217
225
232
230
231
228
219
230
242
256
250
242
256
256
247
256
256
344
512
512
512
432
366
358
310
311
366
385
452
311
332
318
312
318
273
326
341
456
245
369
462
471
401
395
471
428
508
426
476
478
426
445
447
499
462
397
421
500
439
442
413
447
512
437
512
462
481
505
512
512
495
493
461
465
458
491
472
0
127
128
128
128
128
128
128
128
128
128
128
128
128
128
128
128
128
128
128
128
128
128
128
128
128
128
128
128
128
128
128
100
128
128
128
128
128
115
105
102
93
104
89
88
93
92
88
82
94
86
82
97
85
97
96
89
82
98
94
88
256
256
256
243
201
172
225
186
216
217
210
219
185
192
199
219
201
210
200
185
180
180
203
218
182
201
206
184
194
197
188
190
205
221
204
204
200
200
199
199
187
203
199
203
201
200
214
198
204
193
188
203
188
181
221
197
184
197
187
202
512
511
331
249
364
339
286
286
283
329
273
404
353
364
339
321
283
341
302
305
313
280
331
356
359
302
255
270
273
281
317
254
284
285
342
366
237
274
264
415
279
334
369
299
340
397
362
331
349
324
389
386
244
367
358
350
314
266
265
266
705
740
692
548
356
398
391
269
365
440
402
449
249
400
420
406
447
480
494
464
464
479
403
522
539
546
510
546
571
595
544
481
581
581
431
485
490
482
605
517
507
431
486
556
633
483
517
464
605
570
553
510
573
556
527
476
596
581
558
458
0
188
106
107
115
125
170
145
154
160
167
150
167
155
136
151
130
163
110
111
109
105
104
109
133
116
122
118
111
122
191
142
111
113
107
112
98
120
114
109
132
156
151
112
110
118
106
157
115
108
118
119
115
102
108
151
155
116
107
135
161
478
254
206
175
262
216
201
378
240
260
238
180
265
248
207
223
169
172
194
179
297
241
159
247
219
209
235
240
194
181
215
248
199
237
250
241
221
225
224
203
309
166
239
314
239
195
216
197
261
261
225
205
198
215
221
235
265
242
161
174
400
351
347
307
363
350
345
363
313
265
111
296
323
251
266
265
308
352
207
356
345
420
262
293
283
285
270
339
353
308
303
291
242
264
284
283
330
362
296
283
235
289
324
302
300
319
354
361
273
296
300
271
405
353
310
257
214
343
363
339
1051
896
741
533
432
467
476
423
500
498
551
458
493
438
528
577
574
447
422
406
536
550
563
554
512
519
425
458
547
424
542
509
558
653
560
553
550
560
491
648
561
525
654
552
532
519
611
599
548
604
604
563
660
618
603
639
524
651
683
585
0
32
32
32
32
32
32
32
32
32
32
32
32
32
32
32
32
32
32
32
32
32
32
32
32
32
32
32
32
32
32
32
32
32
32
32
32
32
32
32
32
29
32
32
32
32
32
32
32
32
32
33
32
32
32
32
32
32
32
32
32
60
64
64
64
64
64
64
64
64
64
64
64
64
64
64
64
64
64
64
64
64
64
64
64
58
64
64
56
64
64
64
62
64
64
64
64
64
64
64
64
64
64
64
64
64
64
64
64
64
60
64
64
64
64
64
64
64
64
64
64
128
128
128
128
128
128
128
128
128
128
128
128
128
128
128
128
128
128
127
128
128
128
128
128
128
128
128
128
128
128
128
128
128
128
128
128
128
125
128
128
128
128
128
128
128
128
128
128
128
128
128
128
128
128
128
128
128
128
128
128
36
256
256
256
256
256
256
256
256
254
256
254
256
256
247
256
250
250
256
256
256
244
233
256
256
253
256
242
240
246
251
256
256
256
256
256
256
256
256
256
256
256
251
256
237
256
256
256
255
256
256
239
256
256
256
256
252
256
251
256
0
64
58
64
64
64
64
64
64
64
64
64
64
64
64
64
64
64
64
64
64
64
64
64
62
64
64
64
64
64
64
64
64
64
64
64
64
64
64
64
64
64
64
64
63
64
64
63
64
64
64
64
64
64
64
64
64
64
64
64
64
128
128
112
128
128
128
128
128
123
128
128
128
128
128
128
123
128
128
128
114
120
128
128
128
127
128
128
112
128
110
128
123
113
113
128
128
128
128
121
128
128
128
128
128
112
128
122
128
128
128
128
128
128
128
112
128
128
129
128
128
256
188
229
233
256
202
219
240
246
197
180
253
196
189
186
247
238
250
195
205
242
256
256
240
238
231
234
246
254
256
256
256
232
256
240
256
243
256
256
232
238
231
233
234
234
212
239
225
244
238
223
216
238
232
220
246
243
234
248
256
0
512
512
454
481
479
494
442
451
483
498
465
499
424
468
448
457
493
444
471
481
482
467
412
489
453
476
400
460
440
495
501
462
466
445
423
494
512
432
512
483
448
448
512
420
510
446
467
473
512
476
491
496
493
489
432
479
450
466
459
0
128
128
128
106
128
104
128
105
108
108
121
104
115
105
128
102
128
128
128
110
128
128
128
128
128
128
128
128
128
128
128
128
128
109
99
128
128
128
103
105
111
104
104
102
128
128
128
128
111
128
128
128
106
128
128
128
128
128
128
123
256
216
177
160
207
186
164
187
175
164
197
198
176
180
193
202
197
200
201
202
207
178
192
207
198
199
224
160
119
201
189
169
169
188
181
185
202
171
172
196
172
181
174
185
169
159
184
200
200
200
201
198
205
192
196
205
205
220
203
200
509
389
395
350
358
302
298
312
298
378
286
330
318
315
273
285
290
321
301
290
277
341
300
333
339
251
314
306
372
314
311
330
293
286
333
341
379
403
302
402
348
385
345
313
332
313
334
313
317
328
307
358
342
332
378
351
339
330
360
312
0
606
556
658
476
540
543
465
476
464
541
526
510
521
436
567
533
667
577
448
474
550
639
647
566
550
558
492
577
484
509
449
452
571
520
444
499
567
578
546
548
483
579
480
553
610
479
641
550
463
475
520
575
498
532
499
514
578
662
534
0
256
142
111
116
114
119
95
98
116
142
127
152
135
116
111
139
121
129
110
156
105
100
94
112
90
99
118
110
145
121
86
100
98
103
131
105
162
102
103
93
129
115
95
144
109
116
142
126
98
86
99
89
88
65
88
100
79
118
109
68
309
214
255
159
191
248
276
237
267
208
229
233
185
211
190
160
248
206
192
213
221
227
229
176
205
252
231
245
198
194
258
273
187
226
162
207
224
224
237
153
262
229
200
255
212
214
210
212
206
196
206
190
184
223
244
237
270
154
201
221
792
331
381
449
427
462
362
342
362
364
430
420
391
413
421
373
443
442
420
465
372
305
387
368
421
356
322
418
377
428
382
303
357
316
316
478
302
454
346
404
401
423
389
363
379
327
399
320
381
359
296
270
406
463
455
328
377
382
369
451
0
588
704
731
762
520
581
653
721
561
637
693
551
562
611
578
495
496
565
492
554
559
571
529
595
595
706
684
614
555
474
634
736
621
657
583
547
639
633
460
622
684
629
533
415
492
642
695
639
629
530
602
546
624
570
578
561
562
506
639
0
0
0
0
0
0
0
0
0
0
0
0
0
0
0
0
0
0
0
0
0
0
0
0
0
0
0
0
0
0
0
0
0
0
0
0
0
0
0
0
0
0
0
0
0
0
0
0
0
0
0
0
0
0
0
0
0
0
0
0
0
0
0
0
0
0
0
0
0
0
0
0
0
0
0
0
0
0
0
0
0
0
0
0
0
0
0
0
0
0
0
0
0
0
0
0
0
0
0
0
0
0
0
0
0
0
0
0
0
0
0
0
0
0
0
0
0
0
0
0
0
0
0
0
0
0
0
0
0
0
0
0
0
0
0
0
0
0
0
0
0
0
0
0
0
0
0
0
0
0
0
0
0
0
0
0
0
0
0
0
0
0
0
