20
16
27
28
21
11
29
19
37
22
24
14
41
11
21
43
26
26
41
14
13
13
38
20
25
18
16
13
9
25
26
14
19
21
5
33
40
40
13
13
4
19
86
39
12
61
12
96
23
16
19
21
82
12
37
33
14
5
13
13
13
37
21
12
24
13
17
12
26
50
4
21
58
37
33
3
39
41
20
31
12
11
13
10
26
13
12
12
28
23
13
58
23
26
21
14
80
20
47
13
17
12
49
16
13
30
20
25
25
28
50
14
68
4
13
10
41
43
12
21
24
20
13
80
55
109
25
105
14
49
34
74
24
53
24
13
79
24
57
15
71
14
14
11
16
35
97
63
24
36
12
14
0
44
38
31
13
12
60
48
73
15
57
86
11
68
29
128
8
85
12
31
88
49
101
24
46
115
64
42
42
28
21
24
131
42
21
11
33
28
36
24
15
26
58
36
67
23
36
39
78
13
56
43
120
13
73
30
113
30
24
61
0
20
35
44
27
15
8
20
4
9
12
65
32
25
26
22
12
5
46
19
27
38
14
14
14
16
31
7
14
24
25
8
17
13
35
47
21
25
37
13
11
26
14
4
12
25
12
37
46
25
23
12
12
11
35
21
13
14
20
16
7
30
99
14
38
35
18
12
55
53
53
33
108
25
42
9
36
89
18
6
24
10
53
32
12
10
108
25
12
10
11
12
41
23
32
38
13
10
72
55
28
37
13
33
13
27
33
12
66
40
24
33
22
12
40
10
12
61
22
13
96
37
20
20
24
211
87
19
23
13
94
37
12
35
64
4
19
103
40
87
19
58
17
21
20
26
74
22
58
77
11
106
15
52
14
64
81
39
15
15
28
12
5
51
21
28
24
34
23
28
74
34
29
59
22
165
51
148
35
23
12
117
150
127
114
121
110
64
78
61
105
274
75
51
98
6
73
154
34
131
6
35
10
105
67
96
20
9
146
13
24
25
26
110
68
78
58
128
9
46
19
48
24
102
70
28
98
168
99
35
79
97
34
162
11
70
128
33
21
98
181
124
4
47
28
19
39
6
20
83
3
26
34
26
60
54
19
36
67
23
31
30
26
1
25
63
17
44
72
32
35
41
13
29
83
57
53
28
49
38
44
42
8
18
43
48
90
16
12
104
49
20
23
35
23
55
42
93
9
15
30
0
5
25
8
41
16
51
14
145
28
51
50
164
23
13
199
26
15
15
29
11
13
3
10
25
20
6
23
95
37
24
32
61
13
36
83
20
4
83
31
32
26
13
13
98
96
63
60
66
11
4
25
16
170
21
31
24
21
50
15
0
221
38
90
9
11
53
9
93
264
87
147
44
147
81
22
21
45
14
93
14
72
67
98
128
56
68
70
8
58
20
122
47
108
31
94
16
49
40
182
110
40
33
30
14
22
50
37
61
82
21
33
16
67
48
12
26
99
72
68
168
206
196
42
103
18
170
28
21
124
183
8
250
44
19
0
13
98
24
21
50
29
53
123
72
12
25
23
213
17
55
40
165
90
28
18
132
161
7
14
103
16
89
10
13
28
19
23
15
200
124
92
37
47
22
42
34
97
17
51
140
0
33
65
35
19
25
53
10
99
17
36
15
8
69
48
37
20
13
157
21
27
17
9
70
12
7
32
73
140
104
65
120
13
18
5
76
18
26
15
26
27
14
69
66
47
74
80
54
101
39
20
38
12
33
58
24
39
44
67
102
95
52
46
30
81
177
26
81
26
21
1
113
91
139
42
28
22
40
46
21
43
94
30
64
55
17
28
17
62
19
116
27
158
19
34
176
45
0
103
29
31
138
20
30
18
27
1
70
63
70
103
13
47
88
92
112
12
110
76
59
0
96
215
56
20
9
16
137
13
18
104
13
57
155
20
98
28
5
74
121
230
17
52
19
108
15
216
60
85
147
17
53
151
67
44
200
17
82
57
49
68
96
395
27
102
23
59
21
0
0
18
175
26
81
16
26
28
143
47
103
0
38
50
21
135
29
163
35
168
41
297
80
25
6
70
225
70
109
136
12
20
101
75
26
157
48
54
19
47
223
107
235
11
59
218
30
53
232
14
150
15
87
136
107
224
135
157
55
300
130
207
36
52
50
19
144
5
43
57
109
0
13
14
14
4
36
13
29
12
23
19
24
24
27
16
34
12
14
23
13
29
13
17
25
26
16
25
21
21
17
25
12
15
30
30
59
39
17
12
14
28
14
25
24
13
12
18
13
28
6
25
9
25
6
16
36
13
34
13
8
11
24
14
11
23
11
27
36
6
26
42
16
22
23
4
40
34
27
58
44
39
34
36
42
9
47
26
38
27
44
12
21
25
19
43
46
14
83
12
57
35
14
57
13
12
37
12
13
13
18
12
57
13
13
23
40
21
30
32
13
23
15
25
12
41
14
72
26
13
37
20
14
13
14
42
57
14
32
13
11
20
36
72
23
32
55
19
11
64
58
20
34
14
95
23
33
138
71
101
13
74
182
88
32
9
12
41
25
7
121
25
30
25
92
34
161
14
26
23
89
89
0
10
68
27
32
85
25
55
79
213
84
8
63
12
24
27
74
37
37
142
17
18
22
37
75
34
70
123
21
71
42
66
13
70
11
13
21
122
38
43
46
37
61
13
55
30
61
90
34
32
56
12
43
126
81
49
33
21
43
59
0
13
11
11
11
11
17
11
40
45
13
12
3
5
10
13
13
55
35
13
6
12
13
26
26
13
38
21
25
9
13
11
26
11
13
20
13
33
59
30
24
30
19
24
19
18
17
6
12
9
24
12
12
8
3
46
45
47
13
30
15
28
48
41
13
22
43
16
3
67
28
32
16
33
37
15
134
12
28
24
19
36
22
87
47
15
20
145
35
13
50
25
66
25
21
3
25
9
12
37
89
30
25
82
70
16
33
38
13
80
89
33
24
25
13
26
13
16
20
15
20
131
52
40
104
7
37
62
10
13
23
22
87
26
13
10
71
8
60
57
62
57
60
47
13
33
28
47
30
18
61
42
16
31
36
32
69
64
21
110
7
36
19
10
13
59
28
59
13
19
24
12
62
23
35
36
73
64
46
95
24
357
122
95
151
196
55
50
89
13
161
100
12
53
111
90
14
89
44
104
51
110
94
207
88
32
103
27
13
165
23
15
266
147
12
174
78
48
109
3
82
105
139
170
32
129
30
35
36
13
79
9
106
37
54
5
24
86
126
26
113
0
8
27
25
38
38
25
28
52
32
18
40
40
11
65
68
9
27
37
28
23
101
28
33
101
28
24
21
23
18
99
30
2
9
59
24
48
31
50
4
7
17
82
13
51
25
17
11
7
49
13
6
34
26
71
59
12
3
77
9
0
50
8
12
8
10
26
15
36
18
57
8
116
25
136
80
74
109
111
12
25
11
16
72
26
10
13
13
45
13
34
36
29
27
20
57
23
30
19
49
11
35
80
34
19
11
62
113
52
25
41
60
19
21
41
49
56
41
30
37
70
12
15
76
37
30
1
76
41
20
208
39
88
24
233
36
136
76
100
191
34
171
13
12
45
41
21
57
99
42
147
43
68
25
102
19
61
44
32
35
2
14
65
102
39
111
17
64
68
101
163
114
105
37
13
18
115
166
45
55
46
474
66
96
93
40
300
116
80
75
15
203
73
30
133
132
269
41
82
151
56
95
379
26
103
383
239
372
57
137
60
45
32
79
202
129
164
53
222
145
490
26
54
186
22
249
31
230
32
149
163
79
202
39
202
29
74
45
18
154
157
238
74
26
49
57
76
40
26
15
45
9
0
10
17
23
34
26
24
55
73
19
66
36
73
54
18
53
77
15
48
42
52
36
18
18
75
49
27
115
30
90
69
89
57
75
19
69
99
25
64
74
28
55
27
40
30
42
8
33
77
0
68
47
98
119
36
62
34
13
33
79
9
69
15
26
136
43
34
23
22
32
76
10
15
103
138
52
17
100
57
58
11
13
16
25
36
34
82
56
81
53
84
56
36
48
5
72
55
12
4
34
9
56
43
29
13
39
32
25
24
0
81
61
69
113
168
169
142
124
173
128
44
194
277
113
39
289
19
53
37
131
27
211
43
145
154
188
331
207
4
54
90
90
24
157
18
50
29
146
48
35
50
37
62
55
7
74
43
22
116
34
40
13
240
81
399
111
103
7
36
100
65
127
47
148
178
104
81
86
455
153
3
244
121
198
25
193
155
268
109
312
38
43
284
81
334
145
252
76
165
99
4
9
120
59
51
229
198
1
395
62
158
146
69
221
125
83
233
17
19
190
105
131
86
72
104
337
148
177
83
12
32
28
40
13
12
25
17
11
23
39
12
20
11
25
32
27
25
12
21
35
13
12
14
25
13
14
24
22
28
22
25
12
31
11
18
17
19
17
27
11
19
23
30
12
13
23
34
20
9
14
12
12
23
14
12
12
10
12
25
21
64
70
70
20
12
22
10
27
27
13
79
79
30
7
12
13
58
25
54
28
26
12
34
63
15
13
33
16
17
15
35
15
24
106
12
27
40
60
26
32
16
12
13
13
24
25
43
27
41
32
15
13
16
25
13
18
22
17
53
22
0
128
113
151
79
87
27
38
25
32
26
26
37
12
41
43
162
43
34
54
28
102
84
14
132
28
28
81
18
35
74
11
27
114
84
82
41
12
13
22
34
20
47
47
42
36
31
142
22
89
12
19
32
99
43
28
49
49
27
30
0
256
260
256
261
206
51
33
63
22
46
61
70
78
111
19
95
20
67
26
40
60
12
41
39
28
73
72
33
112
56
13
10
57
43
111
12
125
73
23
45
103
56
56
105
42
139
129
90
27
9
11
12
17
61
53
43
101
78
238
11
67
95
18
13
12
11
34
20
12
40
16
38
29
16
48
25
19
9
17
50
19
8
35
18
16
14
37
21
22
26
26
58
16
35
22
14
39
6
13
6
54
26
39
44
12
23
27
11
60
27
36
22
25
59
56
97
21
55
16
34
128
142
22
34
19
64
41
66
25
14
15
51
9
26
14
49
64
62
79
91
23
60
20
30
33
22
12
31
63
15
22
59
17
34
50
20
25
25
27
45
74
12
15
34
9
44
16
15
28
27
30
23
139
11
10
12
39
46
112
46
256
266
244
66
109
33
19
78
59
32
39
45
60
35
66
43
10
29
75
47
61
61
18
106
18
97
71
99
24
28
32
36
61
13
18
14
7
126
34
85
11
15
27
37
78
41
57
29
80
41
63
94
58
30
9
9
90
28
29
12
0
511
512
482
157
57
57
34
26
41
60
93
15
25
30
13
94
32
25
158
118
91
20
42
38
202
121
66
40
82
128
118
149
104
88
18
249
46
89
37
85
17
12
62
41
36
29
15
42
19
10
29
46
35
240
26
47
116
56
205
0
122
49
112
9
11
114
48
14
16
38
108
119
60
78
28
46
38
67
107
17
40
16
35
22
91
33
29
23
67
32
31
107
31
28
21
62
42
39
24
24
26
84
23
24
42
41
36
40
84
82
68
44
27
38
51
26
16
116
102
70
261
84
67
56
40
66
11
86
23
27
33
24
38
18
23
66
114
13
64
57
16
51
70
17
88
144
27
56
71
13
17
56
80
10
61
53
52
29
104
38
41
137
34
27
51
60
7
22
27
142
10
59
25
61
14
28
59
36
37
30
514
516
21
139
26
42
326
71
15
101
23
208
47
25
56
17
5
73
47
101
181
27
65
18
184
63
24
58
82
22
46
32
81
79
12
17
102
98
185
40
30
37
138
202
260
42
42
62
223
35
68
40
42
50
65
64
29
27
197
67
0
823
764
113
77
30
68
163
119
58
125
23
27
89
407
142
126
149
93
143
135
91
89
40
121
209
82
130
141
201
364
241
104
82
319
245
80
133
63
15
121
206
37
202
151
160
105
73
107
280
86
157
93
146
49
143
64
129
195
148
0
8
59
238
88
16
32
61
43
64
34
90
60
37
35
84
105
40
39
34
45
112
95
52
73
39
133
24
31
21
18
61
35
117
76
32
21
31
50
84
31
68
49
51
220
58
26
146
15
69
33
36
38
40
21
58
42
76
16
18
56
399
30
107
62
84
82
15
98
76
128
27
146
94
67
161
62
119
126
45
160
146
75
328
39
94
45
157
200
65
88
69
318
35
108
29
0
38
51
198
14
207
44
28
198
82
60
229
108
73
26
28
13
43
150
121
108
157
71
73
11
659
258
167
62
7
363
64
49
210
11
41
15
72
55
220
28
102
69
333
21
82
86
22
33
35
86
95
70
98
113
87
176
49
18
88
78
93
92
273
55
172
105
29
93
136
61
109
40
115
140
361
88
108
48
137
110
314
106
35
106
1098
853
385
93
82
422
56
136
181
257
110
415
39
205
231
65
24
344
368
65
166
380
286
38
130
3
166
89
160
178
261
64
121
205
78
252
114
229
62
107
117
77
207
385
120
142
134
369
147
110
66
56
59
257
64
269
246
27
96
250
0
13
11
37
15
14
17
58
25
10
16
34
26
14
24
41
11
55
23
14
9
30
21
12
12
12
31
43
19
49
24
24
15
22
11
24
42
27
11
42
17
18
13
31
11
11
35
20
27
24
10
24
24
11
33
40
26
19
12
50
0
37
7
48
13
62
90
21
21
28
19
26
8
32
24
12
43
65
26
44
39
43
32
18
37
32
19
9
12
62
35
22
25
91
7
24
27
50
35
12
60
88
53
42
22
89
50
51
46
49
19
33
6
23
26
32
14
15
13
21
0
20
63
49
11
53
42
35
86
32
24
17
14
110
18
75
16
235
33
84
41
30
107
12
244
49
40
10
79
67
41
55
57
16
93
47
91
29
36
82
23
93
101
15
51
34
77
83
54
77
56
24
12
100
5
106
33
24
73
107
39
145
64
106
16
73
32
85
73
61
236
108
45
77
49
10
47
29
95
50
40
34
25
50
67
12
150
46
57
64
50
26
64
11
72
50
22
78
128
13
37
38
56
138
88
68
22
171
56
40
73
54
99
50
108
52
88
14
44
44
34
57
45
17
29
15
48
35
15
12
13
74
23
19
5
12
44
22
46
15
14
17
43
10
29
9
45
12
43
37
21
41
24
20
26
41
13
22
54
25
95
30
10
39
6
94
29
48
33
12
24
56
55
49
77
14
46
34
19
15
17
0
47
39
27
20
26
12
52
14
69
28
11
25
38
11
42
21
29
17
68
25
25
12
7
62
40
14
32
8
19
24
21
50
85
25
67
33
25
64
46
127
84
49
64
22
95
62
26
6
29
25
36
41
34
12
35
40
65
70
14
0
22
29
27
36
59
26
13
40
8
10
23
63
51
26
52
154
22
17
103
24
13
37
100
68
19
232
26
64
11
56
21
81
81
148
39
28
52
83
105
52
18
78
11
17
13
49
44
69
40
66
13
51
109
33
125
24
159
51
83
44
35
19
17
53
122
8
14
79
15
63
59
58
85
71
10
216
158
31
54
155
22
55
156
37
9
56
88
181
18
14
163
25
234
30
21
97
29
73
130
56
106
192
71
229
110
78
18
96
86
75
88
12
23
36
36
77
98
65
63
72
124
28
41
105
27
26
23
11
83
71
16
16
11
30
16
77
51
95
48
19
38
41
11
40
45
15
46
91
16
51
14
48
99
118
45
25
160
66
12
12
30
49
32
19
65
11
52
55
37
37
25
14
39
10
20
35
53
24
39
19
257
12
18
75
11
52
14
23
15
16
16
34
13
23
41
91
9
3
31
56
26
42
22
30
49
55
9
44
7
12
43
152
135
29
11
18
91
49
56
17
143
41
45
138
85
77
18
26
50
80
20
97
67
26
30
8
24
36
54
53
0
195
43
30
70
104
41
39
49
62
86
128
83
12
53
88
37
60
137
118
29
86
51
51
144
131
83
97
209
106
89
8
24
157
3
54
50
197
88
175
50
77
181
220
77
26
83
2
44
18
126
182
3
176
15
38
31
127
41
85
0
245
287
59
207
251
196
64
80
78
164
140
193
160
178
92
304
67
27
244
54
24
22
22
240
29
111
295
104
210
83
207
96
65
142
104
263
81
174
146
113
125
150
208
220
90
240
253
299
61
45
166
173
96
150
91
54
135
232
131
134
77
58
40
15
10
17
60
100
44
44
179
82
40
62
73
19
76
4
38
251
13
44
51
77
36
76
36
39
27
13
34
19
10
49
129
45
79
133
97
9
90
4
1
42
21
91
31
23
24
100
104
12
10
132
45
28
114
41
31
85
431
129
213
25
124
45
68
86
26
72
71
13
118
293
44
136
79
119
34
123
66
31
45
23
69
66
65
29
109
123
49
103
110
86
72
71
81
139
15
34
64
30
152
112
24
91
52
36
82
46
63
14
125
56
74
41
37
14
60
188
0
110
11
147
120
143
55
80
26
70
29
76
45
61
143
13
16
47
24
114
357
46
40
0
150
272
318
132
0
63
143
13
85
44
85
90
84
184
129
74
84
163
44
238
45
81
30
147
221
146
133
142
87
116
55
19
134
146
167
92
0
329
45
132
144
126
78
214
17
361
215
250
138
132
121
344
257
93
10
0
199
83
49
227
160
0
42
50
49
226
121
96
102
494
201
120
20
37
339
120
131
100
131
68
33
75
92
148
30
113
57
47
158
34
402
85
77
178
156
52
229
0
0
0
0
0
0
0
0
0
0
0
0
0
0
0
0
0
0
0
0
0
0
0
0
0
0
0
0
0
0
0
0
0
0
0
0
0
0
0
0
0
0
0
0
0
0
0
0
0
0
0
0
0
0
0
0
0
0
0
0
0
0
0
0
0
0
0
0
0
0
0
0
0
0
0
0
0
0
0
0
0
0
0
0
0
0
0
0
0
0
0
0
0
0
0
0
0
0
0
0
0
0
0
0
0
0
0
0
0
0
0
0
0
0
0
0
0
0
0
0
0
0
0
0
0
0
0
0
0
0
0
0
0
0
0
0
0
0
0
0
0
0
0
0
0
0
0
0
0
0
0
0
0
0
0
0
0
0
0
0
0
0
0
0
0
0
0
0
0
0
0
0
0
0
0
