55
48
59
53
64
59
34
24
51
52
13
42
34
55
55
36
24
54
45
40
61
27
20
56
30
81
50
47
35
30
62
66
148
150
192
157
118
166
175
158
130
156
121
168
131
141
148
115
173
139
146
195
141
187
178
168
199
155
172
174
141
113
150
160
156
155
135
209
189
163
161
183
121
150
153
168
153
161
110
101
160
191
141
133
162
116
143
207
155
173
187
153
385
388
378
328
321
367
355
383
387
405
391
383
396
375
439
431
357
375
408
391
400
419
417
426
390
408
385
375
340
383
398
363
347
299
398
259
415
410
412
341
410
383
429
412
335
380
313
346
354
393
382
386
339
354
363
271
406
407
458
392
0
803
747
786
817
688
761
648
727
756
839
778
829
882
848
705
857
821
671
834
821
691
631
915
767
797
747
763
855
762
763
829
792
830
849
728
833
869
780
762
729
862
895
749
795
752
872
861
808
844
886
826
763
760
764
708
721
742
878
780
0
195
172
167
121
155
206
166
163
173
198
142
159
111
166
186
152
191
143
173
203
157
147
173
161
214
177
155
189
142
158
170
209
150
167
163
163
126
120
190
214
161
180
199
186
174
204
140
159
134
138
202
208
203
177
179
162
204
158
186
195
367
374
300
395
366
327
324
369
392
359
375
351
360
343
353
383
355
358
387
312
347
259
278
320
370
358
359
393
352
337
369
341
329
301
354
287
326
331
259
290
292
348
292
377
304
281
355
403
359
342
335
381
307
350
387
403
377
250
372
220
500
594
552
600
466
570
520
570
753
704
638
727
696
634
615
749
760
671
763
747
730
809
760
759
708
701
765
736
667
775
737
737
718
854
739
775
689
775
736
786
794
784
800
690
711
711
732
764
713
715
769
662
689
659
639
643
660
711
770
684
741
730
670
833
927
888
885
928
905
1015
1103
1255
1256
1065
1193
1210
1234
1230
1216
1098
1179
1165
1146
1041
1203
1162
1231
1002
1173
1105
1193
1159
1187
1226
1159
1240
1226
1225
1213
1159
1078
1005
1243
1181
1222
1072
1214
1202
1241
1143
1191
1264
1187
1194
1112
1230
1159
1173
1172
1191
122
269
202
226
207
286
279
215
205
193
188
190
216
236
189
216
239
199
190
130
161
218
245
201
201
231
275
265
150
135
195
233
221
204
198
244
236
188
226
223
229
225
234
287
212
226
202
228
231
228
262
200
209
206
205
212
203
215
222
196
0
594
475
456
398
434
365
372
365
362
377
374
306
382
371
333
455
424
465
404
304
294
371
380
372
388
291
364
309
355
336
345
380
389
458
379
467
372
398
393
355
389
319
372
380
400
455
471
461
521
456
412
423
370
383
352
348
385
404
411
0
831
798
669
675
577
699
700
813
683
674
712
622
763
657
756
749
654
683
646
660
739
689
676
825
698
734
797
629
664
660
665
806
693
686
655
661
781
792
712
752
690
630
726
762
760
847
670
730
686
651
725
790
682
642
676
692
579
628
627
737
1200
1106
1235
1154
1103
1027
1069
997
951
1031
1115
1052
1043
1039
1042
1037
1037
1029
1032
1022
1100
1103
1140
1139
1161
1155
1096
1133
1135
1140
1098
1031
1041
1042
1030
1062
1029
1026
1044
979
1013
1050
1044
1022
950
1002
987
1000
970
946
946
937
950
947
1045
993
982
988
1045
966
368
372
290
371
380
466
425
312
337
391
249
275
375
367
356
357
355
364
344
292
285
243
263
269
285
281
277
274
260
241
279
313
364
272
279
283
248
246
285
378
271
260
250
255
244
271
285
265
319
268
285
245
280
285
256
386
365
282
272
229
516
475
505
470
475
475
484
476
474
474
475
475
515
521
474
471
471
380
460
566
426
465
468
475
410
373
391
425
439
461
372
467
490
474
434
396
413
373
377
292
375
367
380
380
377
369
456
378
380
530
400
475
472
540
570
567
468
526
441
430
0
774
844
828
843
748
660
741
845
743
764
733
775
744
740
855
824
800
844
756
795
897
790
756
832
770
831
822
855
754
755
689
851
760
754
774
851
725
722
782
823
760
785
758
766
757
866
925
826
830
721
780
790
756
854
760
758
760
792
756
0
1041
950
1040
1075
1043
1093
1042
1114
950
939
1017
942
945
950
950
1020
966
1026
922
936
942
950
945
947
892
950
935
1081
994
992
950
945
1043
1045
1041
1129
1170
1124
1135
1104
1122
1140
1140
950
1045
1090
1044
950
918
1043
1084
1061
1080
1019
1032
1056
947
950
946
663
27
23
61
33
41
37
45
70
61
57
59
21
27
72
35
43
43
74
61
42
57
82
22
45
32
76
36
54
75
49
74
77
45
47
33
57
62
27
20
51
85
35
71
13
74
46
18
62
25
28
58
58
45
61
32
62
46
42
63
43
176
201
79
137
201
161
176
146
188
172
90
151
199
166
142
131
144
122
154
172
100
181
148
164
174
193
161
161
137
160
131
196
142
125
174
142
112
196
148
157
204
110
174
203
141
163
133
181
191
178
129
191
184
156
135
138
189
163
208
163
395
331
345
386
444
308
407
299
351
412
401
317
429
298
337
321
352
419
420
340
440
349
361
419
287
430
432
368
339
404
354
392
295
312
423
197
377
341
374
399
279
294
387
382
392
329
421
451
287
416
333
416
268
378
218
376
428
445
340
265
0
920
833
814
805
824
881
780
848
752
732
858
738
786
788
848
807
915
901
761
900
771
842
802
873
688
792
748
815
820
774
813
840
813
777
811
871
702
876
828
791
859
904
824
784
763
860
844
793
806
805
647
794
706
813
757
772
684
828
772
0
150
182
219
157
112
151
154
140
136
141
207
165
193
159
155
150
150
168
161
206
172
132
151
155
151
122
171
171
163
140
173
110
119
132
144
133
127
152
122
143
122
184
146
169
191
179
180
158
186
157
170
182
199
185
107
153
181
92
145
170
326
323
381
429
397
441
343
388
319
389
378
366
363
295
388
333
337
384
416
324
307
355
259
279
351
394
286
343
303
336
361
344
339
365
363
347
351
358
364
305
391
349
331
271
288
365
326
337
307
269
226
316
363
366
360
313
320
322
286
386
613
652
615
622
686
745
720
773
687
784
799
752
761
810
750
620
758
808
822
768
696
753
673
739
814
712
731
730
804
677
748
803
740
668
687
805
715
748
730
657
505
721
723
805
762
742
637
799
790
830
753
680
619
698
675
749
695
756
675
663
200
1082
1217
1217
1041
1184
1159
1064
1154
1291
1108
1001
1116
1129
1208
1177
1210
1224
1099
1227
1171
1148
1149
1206
1113
1126
1196
1224
1107
1105
1207
1093
1121
1157
1159
1108
1110
1246
1123
1091
1160
1141
1204
1020
1174
1224
1118
1204
1080
1110
1193
1163
1115
1193
1175
1144
1154
1225
1227
1189
0
278
269
300
284
318
311
290
222
228
268
277
199
211
233
287
240
265
228
281
247
256
288
250
275
277
275
280
267
273
204
253
286
278
276
249
251
262
268
261
270
263
279
260
257
202
203
224
225
160
196
207
197
224
199
178
197
230
194
218
0
454
390
482
389
389
398
426
371
354
359
323
475
286
391
352
385
349
392
395
366
353
489
406
359
465
442
434
432
402
417
423
426
446
458
492
452
392
451
363
320
448
410
456
393
364
297
422
373
400
442
391
364
410
406
459
426
509
429
323
448
897
895
855
910
793
733
852
836
962
786
843
785
800
754
848
793
821
765
844
938
832
887
842
862
920
766
859
762
793
865
736
793
787
726
716
711
751
782
798
799
997
1032
925
896
918
833
884
964
889
815
854
849
877
816
711
786
775
782
696
752
1299
1404
1329
1322
1241
1244
1313
1140
1302
1296
1288
1244
1254
1270
1369
1334
1345
1224
1151
1235
1289
1307
1281
1300
1325
1330
1288
1327
1266
1401
1235
1314
1291
1184
1322
1354
1239
1321
1267
1348
1272
1255
1375
1267
1284
1235
1246
1273
1239
1274
1223
1347
1298
1346
1273
1234
1189
1284
1340
1254
193
347
415
402
408
375
367
380
350
380
376
376
380
378
380
378
414
475
470
379
373
380
380
374
374
380
378
360
378
358
380
365
377
380
433
363
378
380
354
380
375
357
378
380
357
373
375
337
377
378
380
376
333
372
379
375
373
376
380
357
0
670
618
554
611
574
587
556
549
561
641
557
556
525
470
555
464
509
472
513
554
521
606
544
475
479
527
554
525
570
667
671
518
473
570
703
577
636
665
534
664
654
562
657
566
566
598
767
654
662
663
639
579
712
659
652
746
570
556
560
0
686
684
750
665
761
754
842
913
809
725
854
848
847
855
900
755
757
855
978
855
759
818
855
808
851
791
951
855
806
855
1007
906
841
897
975
855
830
855
814
794
955
834
978
879
854
886
968
973
1045
950
853
968
1035
950
1029
887
1033
951
907
940
1423
1425
1371
1365
1425
1412
1424
1422
1413
1424
1425
1325
1420
1425
1318
1425
1418
1425
1424
1325
1341
1360
1360
1362
1330
1366
1309
1330
1337
1380
1405
1322
1395
1393
1425
1420
1422
1320
1425
1317
1384
1330
1356
1324
1384
1317
1339
1329
1326
1362
1323
1344
1325
1423
1330
1363
1328
1327
1325
1330
32
37
60
20
51
31
63
69
78
38
78
67
57
42
54
67
45
82
40
68
60
59
75
54
31
29
70
71
37
48
58
56
73
65
79
82
51
61
67
34
28
75
65
59
50
42
47
66
83
43
86
67
52
53
64
82
61
85
72
58
64
72
59
156
175
171
177
136
131
151
125
144
193
196
209
175
91
157
131
196
139
160
118
128
190
201
153
165
173
159
122
115
199
83
180
132
146
78
169
145
183
140
181
202
181
124
103
170
171
142
192
158
168
141
200
166
151
200
85
145
0
127
128
104
246
356
340
367
441
390
428
338
378
382
414
368
283
362
339
398
404
296
354
464
282
401
406
353
333
383
307
434
433
318
362
339
380
397
406
424
359
429
232
331
401
370
404
310
384
399
376
378
402
280
425
325
410
388
256
395
0
256
249
256
240
427
662
793
705
804
849
817
653
806
809
800
789
791
835
905
875
878
900
792
850
858
857
827
756
800
810
770
864
838
864
757
811
759
770
894
870
715
808
794
727
832
784
759
802
728
896
859
904
881
845
704
755
840
776
705
846
71
116
161
162
205
190
176
137
149
159
178
161
163
105
133
156
153
169
155
141
154
172
166
127
127
153
131
129
147
147
191
145
157
177
180
134
172
182
145
176
124
180
98
81
126
177
150
187
113
146
128
148
154
138
163
100
160
130
129
169
128
147
376
412
397
336
363
305
398
377
285
272
373
355
306
274
344
328
345
330
317
345
332
322
310
329
350
354
333
341
381
350
318
325
338
367
347
311
327
254
333
363
363
378
342
321
349
344
348
392
391
312
270
328
324
337
237
308
307
357
256
256
264
609
519
553
573
578
568
656
789
686
615
647
679
678
784
659
712
793
634
726
781
657
695
644
719
756
778
812
795
757
690
760
739
771
735
711
725
675
697
803
721
805
759
746
550
798
749
720
749
732
728
750
838
716
715
810
773
823
0
512
510
521
860
916
856
891
1003
1011
984
958
1054
1089
1032
1144
1139
1181
1117
1092
1114
1091
1155
1170
1266
1181
1126
1242
1274
1200
1278
1247
1227
1153
1158
1240
1121
1189
1197
1287
1254
1219
1255
1198
1295
1258
1306
1285
1249
1263
1281
1308
1238
1273
1287
1280
1261
1264
1232
1291
0
111
407
228
377
340
273
348
399
391
367
297
219
324
331
332
309
305
268
204
308
283
307
263
319
226
269
265
267
272
264
274
247
338
313
304
320
299
291
335
315
315
279
302
315
324
317
298
335
268
261
251
223
288
211
320
273
310
179
239
287
224
472
462
391
376
480
383
447
454
488
428
440
386
486
454
390
419
404
410
473
451
452
454
459
472
386
453
451
454
448
455
451
403
461
465
470
458
417
470
459
459
435
487
466
505
523
515
512
455
442
465
461
505
470
462
464
449
524
500
464
512
511
738
756
791
719
684
751
768
758
816
814
717
722
731
909
889
952
881
967
821
800
736
732
755
785
789
909
918
888
878
924
887
878
798
849
851
752
863
840
879
914
860
846
752
835
816
827
708
808
812
899
853
883
818
871
859
885
805
894
0
850
823
939
992
1001
1035
1070
1044
1057
1039
1044
1130
1125
1140
1168
1198
1127
1210
1200
1261
1290
1313
1299
1302
1302
1280
1295
1273
1326
1387
1367
1374
1298
1368
1231
1360
1340
1345
1340
1377
1339
1355
1366
1254
1367
1377
1293
1306
1320
1349
1351
1277
1254
1239
1270
1242
1241
1388
1264
0
455
349
317
367
361
348
362
358
352
351
217
360
320
275
350
278
374
319
372
375
348
341
268
277
276
268
275
282
272
272
251
279
265
279
277
365
388
361
364
359
364
357
360
348
366
364
359
459
379
480
366
372
450
468
463
459
463
464
458
458
398
445
463
456
502
536
457
483
468
470
524
470
521
463
535
561
594
556
556
542
549
553
461
647
563
468
504
540
576
605
563
570
552
560
578
561
557
549
561
560
488
550
521
581
577
558
551
550
537
564
555
556
555
575
493
480
469
553
550
548
658
811
817
840
828
835
834
810
743
888
1023
930
840
888
813
936
924
897
923
933
985
1014
992
1024
937
934
926
918
1034
1018
1005
959
1025
950
1021
982
1037
1016
1027
1027
1034
992
1010
996
981
844
996
1022
923
936
894
1027
916
1003
959
894
977
1003
964
938
1042
1277
1307
1301
1410
1296
1307
1295
1266
1328
1323
1393
1296
1351
1287
1282
1306
1312
1211
1354
1389
1295
1304
1323
1355
1381
1354
1308
1391
1338
1300
1396
1398
1421
1258
1321
1362
1377
1312
1220
1265
1318
1396
1274
1218
1249
1280
1390
1364
1382
1292
1400
1404
1404
1309
1338
1260
1392
1293
1369
0
45
66
47
69
62
68
21
43
75
65
66
51
78
44
26
65
29
50
76
76
37
18
57
45
68
60
53
62
29
29
53
25
71
65
71
55
30
75
61
58
66
61
54
26
29
42
47
39
42
65
55
71
52
60
38
39
61
41
36
0
154
178
115
125
114
104
153
159
156
206
185
195
160
165
194
110
135
144
158
134
161
168
173
97
189
203
181
184
158
160
183
187
98
166
143
155
142
154
150
113
143
148
177
209
96
159
152
136
120
161
184
172
205
155
127
163
141
158
161
0
429
342
418
418
355
423
428
329
409
428
433
421
315
430
362
399
206
391
358
436
412
308
430
185
355
395
404
278
401
360
357
271
366
323
438
342
348
445
366
417
348
276
369
379
363
315
366
337
382
367
415
357
333
399
358
371
364
372
318
390
788
822
810
847
831
741
861
851
801
717
831
817
834
778
862
813
866
802
878
888
901
947
845
775
907
765
880
791
860
840
792
751
929
663
876
832
719
661
853
798
875
842
717
823
696
801
625
763
863
915
810
799
899
748
871
851
879
857
861
918
65
145
200
99
176
150
179
191
188
182
102
152
123
202
155
152
186
174
162
172
142
163
210
168
157
141
186
186
161
180
163
177
190
187
157
178
205
150
187
56
146
202
161
165
84
175
136
162
154
158
135
155
127
117
157
129
147
199
196
199
0
319
283
372
402
384
382
294
420
370
399
464
358
356
403
403
364
423
357
397
383
351
418
466
348
385
466
429
430
401
392
347
292
370
431
397
390
350
363
363
270
328
338
373
428
391
367
372
429
452
374
343
406
421
385
360
346
356
327
360
0
522
504
530
671
656
741
732
535
733
615
735
671
684
603
671
655
711
675
687
781
725
717
715
729
774
546
770
773
759
757
844
759
815
656
766
802
785
730
755
799
842
747
775
829
748
797
723
711
815
844
890
788
691
718
737
783
709
775
707
848
1338
1371
1307
1283
1316
1285
1225
1280
1304
1393
1163
1228
1298
1281
1270
1333
1160
1252
1289
1269
1231
1054
1235
1227
1274
1202
1198
1154
1274
1356
1179
1296
1256
1327
1296
1295
1242
1255
1268
1336
1100
1203
1304
1049
1148
1142
1223
1261
1192
1257
1251
1225
1239
1339
1260
1241
1278
1221
1176
1248
119
397
345
300
288
286
299
327
304
294
298
286
338
326
286
329
279
299
308
297
252
305
331
298
319
330
298
324
311
308
310
326
255
294
312
324
279
284
326
287
310
285
320
380
384
310
328
260
315
330
346
329
306
317
320
272
298
312
316
305
252
592
534
492
501
481
543
580
584
593
504
503
534
578
515
513
521
560
604
570
514
492
506
525
532
431
463
435
437
452
439
482
526
444
574
518
553
431
468
462
472
493
477
397
458
546
480
527
494
438
552
566
530
475
424
411
472
399
459
450
0
927
967
992
1054
871
952
870
985
919
874
725
864
845
825
893
959
817
931
1008
930
896
876
896
776
929
959
989
849
801
830
785
920
755
928
978
922
835
870
798
927
813
976
766
912
841
797
881
880
924
797
743
830
852
817
828
826
756
692
733
0
1408
1314
1408
1328
1328
1355
1314
1424
1308
1373
1315
1235
1274
1334
1219
1232
1339
1390
1334
1312
1368
1386
1360
1335
1299
1412
1375
1334
1409
1385
1364
1273
1243
1324
1397
1365
1370
1316
1385
1292
1365
1371
1226
1225
1377
1277
1336
1259
1218
1258
1275
1159
1220
1339
1287
1311
1232
1244
1194
1174
495
369
356
465
372
473
458
369
367
371
360
375
367
364
369
362
376
368
376
330
363
380
363
372
359
374
380
369
376
373
375
362
464
463
456
472
466
350
448
375
376
371
373
372
377
339
376
378
369
372
370
373
367
367
465
375
282
284
355
360
417
722
598
633
742
737
629
641
658
644
597
656
536
641
664
585
550
482
487
520
465
469
468
461
472
632
541
470
470
564
560
643
564
602
575
464
482
466
466
466
556
555
542
553
501
467
465
474
463
454
461
559
505
455
470
466
462
462
468
473
0
998
853
929
1041
1009
921
1046
931
913
770
889
750
835
879
864
995
947
1007
942
897
966
899
928
798
998
977
941
941
927
1052
1026
927
928
992
1089
979
950
953
932
944
998
808
981
943
841
938
919
664
741
831
825
774
831
915
852
851
1018
1011
917
0
1417
1397
1413
1413
1381
1422
1417
1308
1313
1340
1318
1322
1306
1316
1410
1359
1414
1326
1369
1351
1227
1329
1411
1406
1381
1306
1310
1409
1410
1405
1413
1415
1416
1374
1415
1389
1357
1385
1321
1325
1316
1340
1317
1385
1135
1145
1311
1227
1106
1265
1229
1323
1320
1272
1316
1182
1253
1412
1212
1222
0
0
0
0
0
0
0
0
0
0
0
0
0
0
0
0
0
0
0
0
0
0
0
0
0
0
0
0
0
0
0
0
0
0
0
0
0
0
0
0
0
0
0
0
0
0
0
0
0
0
0
0
0
0
0
0
0
0
0
0
0
0
0
0
0
0
0
0
0
0
0
0
0
0
0
0
0
0
0
0
0
0
0
0
0
0
0
0
0
0
0
0
0
0
0
0
0
0
0
0
0
0
0
0
0
0
0
0
0
0
0
0
0
0
0
0
0
0
0
0
0
0
0
0
0
0
0
0
0
0
0
0
0
0
0
0
0
0
0
0
0
0
0
0
0
0
0
0
0
0
0
0
0
0
0
0
0
0
0
0
0
0
0
0
0
0
0
0
0
0
0
0
0
0
0
