32
32
32
32
32
32
32
32
32
32
32
32
30
32
32
32
32
32
29
32
32
32
32
31
32
32
33
32
32
32
32
32
32
32
30
32
32
32
32
32
32
32
64
64
64
64
55
64
64
64
64
64
64
64
64
64
64
64
64
64
64
64
64
64
64
64
64
64
64
64
64
64
64
64
64
64
64
64
64
64
64
64
64
64
64
64
64
64
64
64
64
64
64
64
64
64
64
62
64
64
64
64
128
128
128
128
128
128
128
128
128
128
128
128
128
128
128
128
128
128
113
128
128
128
128
128
128
128
128
128
128
128
128
128
126
128
128
128
128
128
128
128
128
128
128
128
128
128
128
128
127
128
128
128
128
128
128
128
128
128
126
128
0
256
256
252
256
233
256
256
256
256
256
238
256
249
244
256
255
255
256
256
256
256
246
256
256
254
256
256
256
256
256
256
256
256
256
256
237
256
256
256
256
256
253
256
256
256
256
256
256
256
250
256
255
256
256
256
256
256
247
256
256
64
64
64
64
64
64
64
64
64
64
64
64
64
64
64
64
64
64
64
64
64
64
64
64
64
64
64
64
64
64
64
64
64
64
64
64
64
64
64
64
64
64
64
64
64
64
64
64
64
64
64
61
64
64
64
64
55
64
64
64
128
128
128
128
119
112
128
128
128
127
117
113
123
110
126
118
119
128
128
128
128
128
128
128
128
128
128
128
128
128
128
128
128
128
128
128
123
128
111
115
114
121
111
110
111
113
121
115
112
112
111
115
112
112
112
114
112
119
112
115
256
256
256
253
248
256
256
256
256
253
256
245
248
251
233
252
242
244
250
256
247
249
237
250
256
256
256
229
215
207
218
238
239
231
232
208
252
235
226
233
230
227
225
230
225
230
233
228
232
226
241
232
226
231
215
229
221
233
246
234
0
368
279
391
399
332
304
356
316
397
339
348
372
421
363
416
400
369
447
425
400
463
389
409
428
464
393
389
388
406
412
433
411
458
421
463
339
365
366
383
410
363
408
454
457
421
438
417
412
464
474
425
389
475
444
468
434
416
444
480
0
128
128
128
128
128
128
128
128
128
128
128
128
128
107
116
107
107
113
96
86
84
88
84
90
84
85
85
88
85
90
88
92
89
87
96
86
88
87
87
85
94
87
92
99
97
84
85
85
96
105
95
90
93
89
96
91
96
96
85
90
244
244
216
202
205
221
168
179
175
158
156
146
134
128
134
143
142
159
165
146
164
161
160
161
202
169
201
200
174
186
207
156
158
179
176
178
175
161
161
161
166
146
158
182
162
162
164
154
153
159
158
176
159
175
192
216
173
165
116
171
329
340
316
358
344
326
382
288
284
272
321
332
290
293
334
278
247
271
253
323
262
255
292
292
249
306
248
256
284
255
250
267
262
251
255
267
255
249
275
374
348
318
327
334
287
285
260
308
281
255
272
297
318
256
265
308
265
321
301
384
0
362
495
449
392
398
495
465
340
303
504
485
359
440
405
496
581
514
388
425
413
477
414
388
486
485
555
473
387
428
478
378
507
458
453
477
471
452
482
486
461
524
533
472
547
544
477
460
512
448
558
477
428
503
522
474
520
501
483
553
0
166
110
110
95
108
118
95
96
111
104
140
150
148
150
128
146
117
131
109
104
123
92
163
102
93
136
118
131
128
143
123
152
83
126
112
103
110
116
133
122
124
128
118
107
124
116
112
165
151
109
107
92
95
128
137
150
123
119
126
124
310
231
177
187
219
252
207
241
297
217
184
237
253
228
291
279
214
247
256
264
235
219
251
200
172
168
264
210
267
258
214
301
257
249
236
201
177
154
178
150
262
221
258
248
237
223
208
200
223
238
149
203
200
238
193
143
94
164
210
198
365
244
249
246
286
295
227
308
268
237
292
264
261
255
259
266
237
281
340
295
260
264
221
328
279
247
199
242
225
247
259
266
286
301
244
230
352
330
371
224
279
333
462
364
313
351
361
311
286
308
279
324
357
385
382
351
328
302
310
366
831
600
524
475
545
472
412
479
462
394
360
364
425
451
431
424
485
515
472
530
587
485
441
578
568
535
454
440
486
550
482
532
530
484
339
491
416
416
474
372
398
460
367
447
423
422
453
420
525
549
489
532
459
515
482
412
480
424
510
503
0
32
32
32
32
32
32
32
32
32
32
32
32
32
32
30
32
32
32
32
32
32
32
32
32
32
32
32
32
32
32
32
33
32
32
32
32
31
33
32
32
32
32
32
32
32
32
31
32
29
32
32
32
29
32
32
32
32
32
32
32
64
64
64
64
64
64
64
64
64
64
64
64
64
64
64
64
64
64
64
64
64
64
64
64
64
64
63
64
64
64
64
64
64
64
64
64
64
64
64
64
64
64
64
64
61
64
64
64
64
64
64
64
64
64
64
64
64
64
64
64
128
128
128
128
128
128
128
128
128
128
128
128
128
128
128
128
128
128
128
128
128
128
128
128
128
128
128
128
128
128
128
128
128
128
128
128
128
128
128
128
128
128
128
128
128
128
128
128
128
128
128
128
128
128
127
128
128
128
128
128
39
256
256
256
256
256
256
256
256
256
254
248
256
254
256
256
256
253
256
256
256
247
256
239
256
254
256
256
256
256
256
256
256
256
255
256
256
256
256
256
256
256
251
231
256
256
256
256
239
254
256
253
256
256
255
256
256
256
238
240
0
64
64
64
64
64
64
64
64
64
64
64
64
64
64
64
64
57
64
64
64
64
64
61
64
64
64
64
64
64
64
64
64
64
64
64
64
64
64
64
64
64
64
64
64
64
64
64
64
64
64
64
64
64
64
64
64
57
64
64
64
117
128
128
128
125
128
126
124
128
128
122
122
119
122
119
128
125
128
128
128
121
122
128
128
128
119
106
101
112
112
106
112
128
125
128
119
116
112
118
110
111
111
113
128
128
128
128
128
126
111
114
120
128
114
114
120
119
112
116
128
225
256
210
201
212
208
213
208
213
195
210
232
226
211
213
233
207
189
249
213
228
214
233
226
214
216
251
201
203
207
220
216
210
199
250
204
256
229
220
205
205
211
217
189
226
206
201
188
256
246
200
222
256
256
255
256
256
251
256
210
0
507
501
512
492
500
485
504
436
464
463
407
450
449
501
448
425
475
367
490
458
473
512
488
431
452
434
438
473
458
456
442
423
498
460
438
448
504
495
509
487
477
406
438
441
360
406
455
434
445
414
475
448
454
491
435
488
492
495
480
0
128
128
128
85
83
95
85
95
92
94
85
98
85
97
88
104
84
93
93
97
92
91
94
97
103
87
92
90
91
93
94
86
96
93
97
95
93
91
85
108
103
94
94
86
101
96
113
105
117
101
119
105
104
128
104
101
113
104
89
91
238
198
193
210
215
210
207
174
206
188
215
193
194
192
192
230
220
214
213
204
208
205
192
204
209
210
207
205
212
199
194
207
207
207
211
213
191
210
210
209
200
197
189
209
198
196
196
189
193
204
196
200
203
205
207
204
206
199
182
193
327
336
280
378
257
316
330
278
224
322
249
265
269
265
266
287
314
251
301
303
288
343
294
335
317
300
319
277
315
260
284
370
324
346
247
276
316
302
339
384
307
343
364
310
310
291
369
289
310
245
284
296
314
346
323
302
285
242
303
321
0
716
512
465
443
599
488
435
550
483
546
459
447
456
455
517
443
472
463
442
536
541
517
530
687
653
607
548
589
551
520
487
444
500
464
484
434
448
572
619
576
453
431
515
523
541
467
450
415
535
490
581
474
512
528
452
420
411
598
469
0
152
154
166
147
168
128
124
117
155
112
102
99
118
111
109
114
109
114
115
122
110
108
108
120
98
112
112
110
109
144
106
111
115
110
113
113
109
123
120
100
95
142
114
115
78
134
100
146
108
121
77
95
121
113
100
113
106
134
120
79
287
160
247
232
248
220
269
193
201
311
287
217
249
287
188
230
209
232
187
244
203
280
203
247
168
233
251
191
269
209
223
189
240
232
260
217
261
224
209
227
216
217
218
244
239
223
207
215
208
208
199
211
262
263
284
242
239
272
230
223
375
291
312
230
312
329
254
346
258
255
274
290
263
321
317
286
335
333
341
300
300
309
395
388
314
215
306
390
285
239
341
339
366
288
307
385
274
230
385
324
364
333
400
313
334
278
340
304
423
372
353
286
318
246
340
359
236
353
320
349
0
509
664
640
573
615
544
678
573
541
552
546
566
525
614
415
532
495
530
524
501
595
613
590
536
629
455
481
578
455
564
512
419
560
527
441
497
434
473
534
580
482
538
510
599
487
559
535
530
534
523
385
535
548
600
586
548
458
706
549
0
32
30
32
32
30
32
32
32
32
32
32
32
32
32
32
32
32
32
33
32
32
32
32
32
32
32
32
32
32
32
32
32
32
32
32
32
32
32
32
32
32
32
32
32
32
32
32
32
32
32
32
32
32
32
32
32
32
32
32
32
64
64
64
64
64
64
64
64
64
64
65
64
64
64
64
64
64
64
64
64
64
64
64
64
64
64
62
64
64
61
64
64
64
64
64
64
64
64
64
64
64
64
64
64
64
64
64
64
64
64
64
64
64
64
64
64
64
64
64
64
128
128
128
128
127
124
128
128
128
128
128
128
128
128
128
128
128
128
128
128
128
128
129
128
128
128
128
128
128
128
118
128
128
128
128
128
128
128
128
128
128
128
128
128
128
128
128
128
128
128
128
128
128
128
128
128
128
128
128
128
0
256
256
255
256
256
252
239
217
256
256
213
226
256
256
220
256
256
246
256
203
200
210
209
208
206
256
256
248
256
254
253
256
254
256
256
256
255
256
256
256
256
256
256
256
256
256
254
208
239
245
256
256
256
256
251
256
256
256
256
0
64
64
64
64
62
64
64
64
64
64
64
64
64
64
62
64
64
64
64
64
64
64
64
64
64
64
64
64
64
64
64
64
64
64
64
64
64
64
64
64
64
64
64
64
64
64
64
64
64
64
64
64
64
64
64
64
64
64
64
64
128
128
128
128
128
128
128
128
129
128
127
128
128
129
128
128
128
116
128
111
128
125
128
128
108
128
128
128
128
128
128
128
128
125
121
128
128
128
128
119
128
124
128
128
128
126
128
128
128
128
128
128
123
128
128
128
128
128
126
128
256
254
256
219
238
237
218
194
204
202
213
201
212
239
256
226
197
256
251
249
256
256
239
211
256
250
256
256
251
232
234
238
240
239
254
256
256
234
256
237
235
239
233
217
221
232
230
230
227
216
230
242
256
250
240
256
256
247
256
256
473
512
512
512
433
366
364
308
309
366
385
452
327
326
328
312
321
273
325
340
456
245
369
461
473
403
395
470
430
512
426
476
478
426
444
447
498
463
397
421
496
438
441
413
442
512
436
512
443
481
505
512
512
495
493
457
464
459
490
472
0
126
128
128
128
128
128
128
127
128
128
128
128
128
125
128
128
128
128
128
128
128
128
128
128
128
128
128
128
128
128
128
100
128
128
128
128
128
115
104
102
92
107
88
88
91
89
84
85
94
86
96
92
85
95
96
90
81
98
94
89
256
256
256
243
201
171
224
185
212
217
213
218
207
192
199
221
200
210
194
188
180
180
204
217
213
201
206
184
196
196
188
190
205
220
204
203
200
200
199
198
187
204
199
203
201
200
214
200
204
193
187
203
190
189
221
205
189
196
184
202
512
510
339
226
364
339
294
285
279
326
273
403
353
354
338
320
283
340
300
305
312
280
331
356
359
322
259
270
276
281
303
254
283
238
344
366
236
273
264
415
277
322
369
304
339
397
362
331
349
341
388
386
254
366
358
350
311
276
265
265
708
737
695
548
356
398
385
275
364
446
404
450
278
404
420
405
447
480
484
463
464
478
399
501
541
547
510
545
569
590
535
481
579
582
432
478
483
490
612
525
507
430
486
565
639
482
507
453
594
569
553
508
572
557
525
476
596
580
555
463
0
188
106
106
115
121
173
145
154
159
167
150
166
155
136
151
129
162
109
110
108
105
108
109
133
113
122
117
111
121
191
143
110
113
111
111
87
102
110
109
132
155
146
106
109
118
111
157
114
107
119
124
121
102
107
150
154
115
107
145
165
482
253
205
172
264
194
200
378
239
244
224
233
252
240
221
222
169
177
195
218
295
259
157
248
226
233
211
241
176
182
212
247
196
225
273
240
220
224
226
200
308
168
240
314
231
221
165
197
263
257
225
210
198
214
221
235
244
244
163
187
399
350
350
307
361
322
340
379
313
263
223
309
323
246
265
337
296
352
212
360
334
380
272
293
282
298
249
328
347
311
315
239
240
192
244
285
337
362
307
298
297
291
326
285
301
339
354
351
296
310
301
270
402
345
310
262
213
334
352
341
854
902
732
533
448
470
477
434
521
495
556
457
478
422
528
557
546
440
425
393
536
546
563
553
513
533
424
439
548
422
550
480
571
646
586
575
588
562
500
647
558
527
653
551
540
508
630
606
547
606
602
548
618
616
600
651
528
652
696
584
0
32
32
32
32
32
32
32
32
32
32
32
32
32
32
32
32
32
32
32
32
33
32
32
32
32
32
32
32
30
32
32
32
32
32
31
32
32
32
32
32
32
32
32
31
32
30
32
32
32
32
32
32
32
32
32
32
32
32
32
32
64
64
64
64
63
64
64
64
64
64
64
64
64
64
64
64
64
64
64
62
64
64
64
64
64
64
64
64
64
64
64
64
64
64
64
64
64
63
64
64
64
64
64
64
64
64
64
64
64
64
64
64
64
64
64
64
61
64
64
64
125
128
128
128
128
128
128
128
128
128
128
128
128
128
128
128
128
128
128
128
128
128
128
128
128
128
128
128
128
128
128
128
128
128
128
128
128
128
128
128
128
128
128
128
128
128
128
128
128
128
128
128
128
128
128
128
128
128
128
128
44
256
256
256
256
256
256
256
256
254
256
256
256
256
248
256
255
253
256
256
256
244
233
256
256
256
256
241
240
244
251
256
256
256
256
256
256
256
256
250
256
256
251
256
231
256
256
256
254
256
256
239
256
254
256
256
243
255
248
256
0
64
64
64
62
64
64
64
64
64
64
64
64
64
64
64
64
64
64
64
64
64
64
64
64
64
64
64
64
64
64
61
64
64
64
64
64
64
64
64
64
62
61
64
64
64
64
64
64
64
58
64
64
64
64
64
64
64
64
64
64
128
128
128
128
128
128
128
128
123
128
128
128
128
128
128
123
128
128
128
119
128
128
128
128
128
128
128
128
128
110
128
128
122
113
128
128
128
128
126
128
128
128
128
128
112
128
125
128
128
128
128
128
128
128
116
128
117
128
128
128
256
188
229
233
256
201
218
240
247
197
180
252
196
189
184
246
237
250
195
205
242
256
256
240
238
231
235
247
254
256
256
256
232
256
238
256
243
256
256
233
235
239
233
237
234
212
240
225
243
237
223
215
238
232
219
241
230
234
247
256
0
512
512
454
481
478
494
442
451
486
497
464
498
425
467
447
457
492
438
475
480
482
468
411
489
453
476
399
460
422
494
502
460
461
445
423
490
512
431
512
483
448
448
509
408
510
445
467
478
512
475
490
497
497
489
432
478
450
466
458
0
128
128
128
105
128
104
128
105
107
108
122
104
115
103
128
103
128
128
128
110
128
128
128
128
128
128
128
128
128
128
128
128
128
116
104
128
128
128
107
105
99
104
108
101
128
128
128
128
111
128
128
128
109
128
128
128
128
128
128
128
256
216
175
160
206
191
176
186
171
161
196
198
175
180
192
197
211
200
202
201
207
178
192
212
198
201
224
159
119
203
188
168
177
169
181
184
202
170
171
190
171
177
174
184
169
159
183
200
200
199
201
192
205
192
196
204
204
220
202
200
508
389
394
350
358
319
297
312
297
370
290
333
317
312
273
281
289
308
306
290
277
345
316
332
343
262
313
306
373
314
288
327
292
286
333
341
378
401
302
401
347
384
345
328
344
312
334
308
317
327
307
357
341
328
377
351
349
322
359
312
0
607
557
657
483
540
536
462
483
464
552
525
510
520
440
567
544
659
574
444
474
550
639
658
547
549
551
491
576
483
504
453
452
558
520
471
499
565
582
534
548
494
583
483
553
609
479
633
552
468
475
522
575
498
525
485
514
578
671
557
0
256
142
105
115
114
120
95
97
109
141
142
151
129
116
121
139
120
125
109
148
101
96
126
112
111
99
117
116
160
121
98
103
99
88
130
112
165
103
92
104
128
110
89
136
112
117
142
126
98
92
104
100
91
65
94
105
79
118
109
66
308
213
248
178
214
253
275
236
267
217
228
236
184
210
185
200
247
205
192
212
207
227
228
175
204
243
237
242
189
201
262
278
184
227
162
149
232
249
222
184
256
228
228
241
201
211
210
213
178
202
206
190
197
190
240
237
258
165
181
222
788
300
383
446
434
461
362
361
362
364
406
421
391
412
427
372
434
442
423
466
372
312
387
366
421
362
329
419
353
418
382
303
356
334
315
478
358
453
345
405
389
423
397
371
384
326
374
302
381
379
296
268
391
461
420
291
376
382
366
451
0
616
709
731
785
518
604
634
695
562
656
697
532
555
603
588
478
509
549
507
523
621
571
529
560
604
707
698
613
561
481
635
735
628
656
582
577
683
632
445
621
702
629
532
405
496
679
689
649
613
531
598
562
622
573
577
558
556
506
638
0
0
0
0
0
0
0
0
0
0
0
0
0
0
0
0
0
0
0
0
0
0
0
0
0
0
0
0
0
0
0
0
0
0
0
0
0
0
0
0
0
0
0
0
0
0
0
0
0
0
0
0
0
0
0
0
0
0
0
0
0
0
0
0
0
0
0
0
0
0
0
0
0
0
0
0
0
0
0
0
0
0
0
0
0
0
0
0
0
0
0
0
0
0
0
0
0
0
0
0
0
0
0
0
0
0
0
0
0
0
0
0
0
0
0
0
0
0
0
0
0
0
0
0
0
0
0
0
0
0
0
0
0
0
0
0
0
0
0
0
0
0
0
0
0
0
0
0
0
0
0
0
0
0
0
0
0
0
0
0
0
0
0
