32
32
32
31
32
32
33
32
32
32
32
32
32
32
32
32
32
32
32
32
32
32
32
32
32
32
31
32
30
32
32
32
32
31
32
32
32
32
32
32
32
32
64
64
64
64
64
64
64
64
64
64
64
64
64
62
64
64
64
64
64
64
64
64
64
64
63
64
64
64
64
64
64
64
64
64
64
64
64
64
64
64
64
64
64
64
64
64
64
64
64
64
64
64
64
64
64
64
64
63
64
64
127
128
128
128
128
128
128
128
128
128
128
128
127
128
128
128
127
128
128
128
128
128
128
128
128
128
128
128
128
128
128
128
128
128
128
128
128
128
128
128
128
128
128
128
128
128
128
128
128
128
128
128
128
128
128
128
128
128
128
128
0
256
256
252
256
232
256
256
256
256
256
238
256
254
250
256
256
256
256
256
256
256
245
256
256
256
256
256
256
256
256
256
256
256
256
256
251
256
256
255
256
256
255
256
256
256
256
256
256
256
256
256
256
256
256
256
256
256
256
256
254
64
64
64
64
64
64
64
64
64
64
64
64
64
64
64
64
64
64
64
64
64
64
64
64
64
64
64
64
64
64
64
64
64
64
64
64
63
64
64
64
64
64
64
64
64
64
64
64
64
62
64
64
64
64
64
64
64
64
64
64
128
128
128
128
119
115
128
128
128
128
114
113
127
112
125
118
121
128
128
128
128
128
128
128
126
128
128
128
128
128
128
128
128
128
128
128
128
128
110
114
114
123
111
110
111
111
120
114
112
114
111
118
112
112
112
113
112
119
112
115
256
256
256
255
245
256
256
256
256
252
256
248
248
249
231
255
256
251
249
256
254
248
231
247
256
256
256
250
213
206
218
207
249
228
233
209
252
235
219
236
238
220
223
224
210
226
230
223
240
225
244
249
221
210
218
228
207
233
247
256
0
374
310
394
404
332
304
372
316
398
342
351
372
436
372
416
421
369
469
437
416
465
406
415
431
464
394
388
392
405
412
439
412
457
423
462
339
365
367
383
413
363
408
458
456
433
444
426
435
471
477
425
433
484
452
480
433
432
443
483
0
128
128
128
128
128
127
128
128
128
128
128
128
128
108
116
108
107
114
92
86
83
89
86
90
84
85
86
88
84
102
87
92
88
86
99
86
88
87
87
85
98
87
93
98
94
83
85
85
96
104
94
96
98
89
91
91
96
92
85
90
244
244
224
202
207
219
170
179
175
165
154
145
134
129
137
147
144
162
165
145
172
161
159
161
202
169
201
200
178
186
192
163
158
178
176
180
175
162
160
160
166
145
157
167
162
164
165
164
166
162
159
176
158
178
193
208
174
166
134
171
335
345
318
367
344
361
391
303
293
288
327
331
289
299
341
277
249
280
256
335
253
278
293
292
251
305
263
262
288
261
249
285
266
253
255
267
279
250
275
385
361
340
333
335
294
305
279
309
281
261
297
299
327
258
267
308
302
321
339
384
0
370
514
471
500
405
500
481
367
318
504
485
381
440
425
520
596
514
422
444
416
500
426
389
544
552
564
513
418
445
487
412
512
486
480
489
523
455
538
501
497
538
534
508
568
547
518
484
518
449
576
617
421
537
522
522
537
566
521
552
0
172
110
117
95
115
117
98
104
106
143
158
151
146
149
128
139
110
131
109
107
138
104
149
119
128
133
119
147
139
149
134
154
127
124
127
131
127
116
138
122
125
126
119
106
123
116
118
165
154
109
110
119
115
142
137
149
140
119
128
126
340
285
260
194
238
252
208
243
296
217
189
243
234
269
305
279
214
224
255
265
267
241
260
223
187
196
258
222
271
239
215
301
251
255
253
196
193
153
185
228
275
303
289
248
237
221
219
271
240
239
255
203
247
266
221
198
189
185
210
198
380
285
256
246
258
284
267
321
268
237
292
264
259
255
283
276
268
281
341
300
284
238
239
351
279
240
259
269
252
289
280
269
296
315
256
229
361
331
391
336
361
333
501
363
320
363
361
311
314
316
350
324
357
408
432
359
362
302
309
368
868
667
640
582
551
483
437
479
473
394
391
445
489
543
431
425
572
544
483
579
588
573
448
582
582
535
454
530
553
584
482
545
551
540
409
505
432
416
505
417
404
472
396
447
475
500
490
460
532
550
490
604
505
516
514
410
479
453
511
513
0
32
32
32
31
32
32
32
32
32
32
31
32
32
32
32
32
32
32
32
32
32
32
32
32
32
32
32
32
32
27
32
31
30
32
32
32
31
32
32
32
32
32
32
32
32
32
32
32
32
32
32
32
32
32
32
32
32
32
32
32
64
64
64
64
64
64
64
64
64
64
64
64
64
64
64
64
64
64
64
64
64
64
64
64
64
64
64
64
64
64
64
64
64
64
64
64
64
64
64
64
64
64
64
64
64
64
64
64
62
64
64
64
64
64
64
64
64
64
64
64
128
128
128
128
128
128
128
128
128
128
128
128
128
128
128
128
128
128
128
128
128
128
128
128
128
128
128
128
128
128
128
128
128
128
128
126
128
128
128
128
128
128
128
127
128
128
128
128
128
128
128
128
128
128
128
128
128
128
128
128
39
256
256
256
256
256
256
256
256
256
256
256
256
256
256
256
256
256
256
256
256
246
256
240
256
256
256
256
256
253
256
256
256
256
256
256
256
256
256
256
256
256
253
231
256
256
256
256
239
254
256
252
256
256
257
256
256
256
243
243
0
64
64
64
64
64
64
64
64
64
64
64
64
64
64
64
64
64
64
64
64
64
64
64
63
64
64
64
64
64
64
64
64
64
64
64
64
64
64
64
64
64
64
64
64
64
64
64
64
64
64
64
61
64
64
64
64
64
64
64
64
128
128
128
128
128
128
127
126
128
128
122
122
119
122
119
128
125
128
128
128
121
121
128
128
128
119
106
101
112
112
106
112
128
125
128
118
118
111
118
114
111
111
115
128
128
128
128
128
128
111
115
119
128
113
113
120
119
112
116
128
250
256
201
188
210
177
212
208
182
187
212
243
227
211
227
234
219
167
249
206
230
214
233
214
200
241
251
193
192
184
216
196
171
191
249
203
256
235
219
219
189
211
225
188
235
205
201
186
256
246
200
228
255
256
256
256
256
251
256
223
0
508
500
512
499
500
485
503
436
471
472
407
449
453
504
447
424
478
366
495
457
473
512
495
435
452
433
438
473
459
456
442
423
502
461
442
450
503
495
512
487
476
406
439
439
359
415
457
450
458
434
475
448
455
491
435
488
502
497
480
0
128
128
128
85
92
94
99
95
92
93
85
98
84
99
93
103
88
93
90
98
97
89
102
96
104
87
94
90
90
93
94
93
93
94
97
94
90
94
85
97
102
93
92
86
100
96
113
104
116
101
119
104
104
128
104
101
113
104
90
90
256
198
192
197
215
210
193
174
204
197
215
192
198
194
191
220
213
214
205
204
208
218
189
204
213
211
207
204
207
205
191
207
207
207
211
213
196
206
205
221
201
193
205
208
195
190
190
169
191
206
201
200
201
205
204
199
206
200
177
194
326
348
280
386
277
320
330
294
223
322
258
266
279
283
266
287
313
276
304
302
291
344
300
338
343
305
319
284
326
261
283
381
324
346
246
282
317
309
339
384
307
356
364
316
324
290
373
290
332
264
280
299
314
368
323
301
286
256
323
329
0
745
515
470
473
610
510
462
576
486
545
457
556
480
455
544
531
498
464
474
620
549
516
531
678
672
630
595
590
562
555
498
506
502
465
484
446
453
561
634
576
514
448
527
534
553
496
451
456
535
499
581
490
512
529
474
426
417
606
521
0
152
154
165
145
173
129
124
117
152
122
98
98
119
112
112
113
111
113
114
119
110
124
129
120
105
112
112
110
109
143
98
110
114
109
116
113
109
128
133
101
99
142
114
117
104
134
104
174
120
125
103
96
124
112
94
113
112
134
120
103
281
253
243
253
226
229
276
193
201
313
294
195
225
286
187
247
208
232
189
247
219
282
252
242
202
236
236
218
286
237
218
189
240
229
261
217
267
243
227
226
208
217
211
246
240
223
202
215
207
210
201
209
277
280
284
260
227
272
229
221
407
305
324
262
313
362
299
354
336
278
326
334
287
320
332
287
366
360
418
307
306
370
395
388
312
302
359
397
308
395
386
352
384
297
312
385
347
302
465
364
368
364
417
313
338
304
385
403
427
397
353
286
342
382
364
379
282
387
324
393
0
534
668
615
609
624
555
678
574
555
563
550
633
578
659
506
588
533
548
555
577
594
655
614
570
629
591
496
610
455
568
583
472
570
530
587
498
529
509
632
607
578
538
514
661
535
600
548
606
593
541
550
536
548
620
611
553
572
720
583
0
32
32
32
32
32
32
32
32
32
32
32
32
32
32
32
32
32
32
32
32
32
32
32
32
32
32
32
32
32
32
32
32
32
32
32
32
32
32
32
32
32
32
32
32
32
32
32
32
32
32
31
32
33
32
33
32
32
32
28
30
64
63
64
64
64
64
64
64
64
64
63
64
64
64
64
64
64
64
64
64
64
64
64
64
64
64
65
64
64
64
64
64
64
64
64
64
64
64
64
64
64
64
64
64
64
64
64
64
64
64
64
64
64
64
64
64
64
64
64
64
128
128
128
128
128
128
128
128
128
128
128
128
128
128
128
128
128
128
128
128
128
128
128
128
128
128
128
128
128
128
128
127
128
128
128
128
128
128
128
128
128
128
128
128
128
128
128
128
128
128
128
128
128
128
128
128
128
128
128
128
0
256
256
256
256
252
253
239
217
256
256
217
226
256
256
221
256
256
246
256
200
199
209
214
216
209
256
256
249
256
256
251
256
256
256
256
256
255
256
256
256
256
256
256
256
256
256
254
207
246
245
256
256
256
256
251
256
256
256
256
0
64
64
64
64
64
64
64
64
64
64
64
64
64
64
64
64
64
64
64
64
64
64
64
64
64
64
64
64
64
65
64
64
64
64
64
64
64
64
64
64
64
64
64
63
64
63
64
64
64
64
64
64
64
64
64
64
64
64
64
64
128
127
128
128
128
128
128
128
128
128
126
128
128
128
128
128
128
116
128
113
128
128
128
128
118
128
128
128
128
128
128
128
128
128
126
128
128
128
128
105
128
128
128
128
128
128
128
128
128
128
128
128
128
128
128
128
128
128
128
128
256
256
256
222
237
238
220
193
204
202
224
200
212
238
256
221
197
256
251
254
256
256
238
210
256
256
256
256
251
231
233
237
240
239
253
256
256
234
256
237
234
239
230
220
225
231
230
231
228
219
232
242
256
250
242
256
256
247
256
256
501
512
512
512
434
406
356
344
312
410
384
453
336
334
337
358
325
277
332
352
459
245
369
488
478
400
394
471
429
511
429
477
477
426
444
448
500
462
399
430
501
445
444
420
447
512
440
512
467
481
504
512
512
495
493
458
474
457
499
480
0
128
128
128
128
128
128
128
128
128
128
128
128
128
128
128
128
128
128
128
128
128
128
128
128
128
128
128
128
129
128
128
108
128
128
128
128
128
120
108
104
96
103
89
96
101
96
85
82
97
99
97
100
98
95
95
96
81
99
94
92
256
256
256
242
200
175
224
192
216
218
209
222
203
205
199
219
200
211
225
190
179
179
203
217
213
200
205
187
206
196
188
189
204
220
204
203
199
200
199
198
186
203
199
202
201
200
213
199
204
192
187
203
188
181
220
206
189
196
186
202
512
510
355
248
396
338
312
287
307
332
291
410
355
364
338
322
287
346
311
339
314
288
346
359
360
322
259
281
281
344
316
253
301
305
322
375
239
286
289
410
290
345
385
322
339
396
361
343
349
365
395
399
254
385
374
349
314
275
278
265
710
740
681
546
389
434
388
335
384
444
403
489
342
403
446
408
446
484
493
482
475
508
432
535
542
589
536
550
599
593
549
526
595
583
505
478
484
509
661
525
517
448
492
564
645
569
533
500
619
582
554
514
574
571
525
476
669
599
564
489
0
188
105
106
116
124
172
151
154
160
167
150
168
155
139
150
147
162
125
110
108
118
142
108
139
120
126
116
136
121
191
143
110
113
111
117
144
121
126
123
151
154
150
111
109
118
115
158
114
107
163
123
124
120
114
151
158
116
107
145
165
486
253
286
208
264
262
200
390
253
280
246
208
271
252
271
266
185
196
194
219
297
271
218
246
236
243
237
240
208
170
250
284
199
250
279
239
235
241
233
203
311
232
239
318
250
238
225
197
265
267
226
229
215
214
256
238
265
271
208
215
398
451
350
323
363
355
365
406
354
282
284
320
323
373
304
290
358
386
339
360
382
419
265
357
333
302
284
367
352
315
313
323
308
315
339
285
357
383
306
368
316
327
326
300
284
343
374
376
316
312
359
292
413
367
311
249
363
345
362
359
1004
903
804
559
638
491
524
445
556
499
606
501
493
489
559
576
594
539
425
500
538
550
609
590
553
610
472
494
549
443
547
519
657
674
588
586
587
632
515
648
604
595
666
560
539
609
634
606
570
625
610
604
668
686
626
640
538
650
683
588
0
32
32
32
32
32
32
32
32
32
32
32
32
32
32
32
32
32
32
32
32
32
32
32
32
32
32
32
32
32
32
31
32
32
32
31
32
32
32
32
32
32
32
32
32
31
32
32
32
32
32
32
32
32
32
32
32
32
32
32
32
64
64
64
64
64
64
63
65
64
64
64
64
64
64
64
64
64
64
64
64
64
64
64
64
64
64
64
64
64
64
64
64
64
64
64
64
64
64
64
64
64
64
64
64
64
64
64
64
64
64
64
64
63
64
64
64
64
64
64
64
128
128
128
128
128
128
128
128
128
128
128
128
128
128
128
128
128
128
128
127
128
128
128
128
128
128
128
128
128
129
127
128
128
128
128
128
128
128
128
128
128
128
128
128
128
128
128
128
128
128
128
128
128
128
128
128
128
128
128
128
41
256
256
256
256
256
256
256
256
255
256
256
256
256
248
256
256
254
256
254
256
244
233
256
256
256
256
241
243
245
256
256
256
256
256
256
256
256
256
256
256
256
252
256
251
256
256
256
254
256
256
238
256
256
256
256
252
256
251
256
0
64
64
64
64
64
64
64
64
64
65
64
64
64
64
64
64
64
64
64
64
64
64
64
62
64
64
64
64
64
64
64
64
64
64
64
64
64
64
64
64
64
64
64
64
64
64
64
64
64
64
64
64
64
64
64
64
64
64
64
64
128
128
128
128
128
128
128
128
122
128
128
128
128
128
128
123
128
128
128
120
128
128
128
128
128
128
128
128
128
110
128
128
113
113
128
128
128
128
121
128
128
128
128
128
112
128
125
128
128
128
128
128
128
128
113
128
128
127
128
128
256
188
228
232
256
208
217
240
247
197
182
253
196
192
187
246
256
249
194
205
243
256
256
239
238
230
244
247
253
256
256
256
232
256
238
256
242
256
256
235
238
241
233
237
234
212
240
225
242
241
222
215
237
232
219
247
241
233
248
256
0
512
512
458
481
478
494
441
450
486
498
464
499
431
470
455
457
499
443
475
480
484
467
413
488
453
476
401
460
440
503
504
484
466
445
423
495
512
429
512
483
457
448
512
419
512
446
467
489
512
475
493
497
503
489
434
490
450
466
461
0
128
128
128
107
128
103
128
105
107
114
122
103
115
104
128
103
128
128
128
109
128
128
128
128
128
128
128
128
129
128
128
128
128
109
104
128
128
128
106
106
109
104
108
102
128
128
128
128
112
128
128
128
105
128
128
128
128
128
128
128
256
216
175
161
206
190
176
186
174
162
196
198
175
194
192
204
211
200
202
222
207
180
200
216
198
199
224
160
134
204
194
168
173
186
189
187
202
170
171
200
171
180
174
181
168
169
190
200
200
199
200
197
205
191
196
204
204
219
202
199
509
389
394
350
350
333
307
332
297
378
326
332
317
312
285
285
289
307
309
289
278
345
354
339
350
243
313
305
373
314
314
332
292
286
332
340
379
413
340
402
351
389
345
327
343
312
333
336
316
327
305
373
346
338
377
350
347
330
369
311
0
644
563
710
516
540
576
465
495
524
563
528
553
562
447
576
549
659
573
455
505
552
640
675
572
554
576
581
576
483
546
518
481
604
520
491
523
580
602
563
568
505
620
482
552
610
482
670
634
549
490
521
581
514
554
569
554
582
718
597
0
256
141
114
115
113
118
93
97
121
141
135
151
144
117
120
145
120
128
109
156
106
100
113
120
113
99
118
116
160
134
96
102
92
97
133
111
161
108
103
103
139
127
101
145
123
115
141
126
108
107
123
102
97
94
98
104
94
121
109
93
308
210
276
198
219
258
274
236
267
236
228
235
189
210
209
230
244
205
203
246
225
246
241
224
223
274
242
243
209
202
261
274
225
226
254
274
234
249
236
189
261
228
228
254
214
221
210
213
225
227
206
197
215
233
253
245
277
185
206
221
797
358
383
496
437
466
392
379
375
364
473
427
412
431
495
409
447
425
421
473
372
308
410
444
421
374
351
471
371
428
384
353
405
335
347
478
387
454
414
407
399
450
408
371
389
423
416
332
381
383
353
336
418
487
459
328
436
382
376
450
0
692
734
753
789
568
637
659
720
604
663
696
546
598
611
630
547
528
574
565
539
620
571
548
594
607
721
697
653
597
517
634
778
639
673
568
629
691
669
621
660
705
669
537
470
557
685
748
670
660
594
608
601
634
579
675
573
570
620
677
0
0
0
0
0
0
0
0
0
0
0
0
0
0
0
0
0
0
0
0
0
0
0
0
0
0
0
0
0
0
0
0
0
0
0
0
0
0
0
0
0
0
0
0
0
0
0
0
0
0
0
0
0
0
0
0
0
0
0
0
0
0
0
0
0
0
0
0
0
0
0
0
0
0
0
0
0
0
0
0
0
0
0
0
0
0
0
0
0
0
0
0
0
0
0
0
0
0
0
0
0
0
0
0
0
0
0
0
0
0
0
0
0
0
0
0
0
0
0
0
0
0
0
0
0
0
0
0
0
0
0
0
0
0
0
0
0
0
0
0
0
0
0
0
0
0
0
0
0
0
0
0
0
0
0
0
0
0
0
0
0
0
0
