128
128
128
128
128
128
128
128
128
128
128
128
128
128
128
128
128
128
128
128
128
128
128
128
128
128
128
128
128
128
127
128
256
256
256
256
256
256
256
256
256
256
256
256
230
256
256
256
256
256
256
256
256
256
246
256
256
256
256
256
256
256
256
256
256
256
256
256
255
251
256
253
255
256
256
256
256
256
256
256
254
255
256
256
256
256
241
256
256
256
240
256
475
441
512
423
434
489
481
448
512
489
498
512
512
503
497
506
480
495
512
494
512
483
512
466
503
499
499
512
466
512
512
505
512
512
512
512
491
512
512
512
512
468
491
487
512
512
468
452
509
512
475
485
466
512
507
422
479
504
512
510
0
891
889
915
1011
869
978
787
963
934
975
939
954
981
960
1005
954
987
726
970
962
968
824
994
891
1011
891
924
1023
910
905
905
1012
918
950
901
987
973
923
877
827
982
1015
940
1024
935
994
948
973
955
990
1018
992
856
933
889
912
859
947
910
0
256
256
256
256
256
255
256
256
256
256
253
256
256
256
256
256
256
255
255
256
256
255
224
256
255
254
256
256
256
256
256
256
256
253
256
255
256
256
256
256
255
256
256
256
256
256
256
256
256
256
255
255
255
256
256
252
256
256
256
223
428
512
401
475
488
445
423
462
503
480
460
486
431
479
445
452
493
442
495
447
402
450
463
401
438
503
447
467
416
415
425
472
410
382
433
375
410
440
501
383
415
419
432
431
456
415
442
491
477
459
447
447
402
415
443
447
467
355
442
410
617
665
652
678
754
697
643
624
843
922
733
828
905
790
727
822
963
819
954
804
846
874
821
859
797
863
954
847
886
891
894
776
839
890
858
973
787
913
789
879
861
862
964
786
784
832
826
855
792
810
834
768
870
781
897
793
994
811
878
772
964
891
903
1039
1152
1214
1019
1171
1068
1230
1403
1403
1477
1359
1263
1464
1451
1276
1448
1276
1318
1285
1293
1189
1391
1363
1295
1213
1245
1170
1325
1306
1406
1373
1378
1425
1528
1253
1339
1253
1175
1173
1532
1411
1328
1292
1473
1338
1315
1316
1338
1329
1418
1254
1288
1561
1245
1239
1314
1473
504
305
411
318
323
325
318
292
399
196
285
247
343
358
293
326
323
367
262
298
233
287
275
284
343
289
351
415
214
224
287
336
299
350
318
382
303
302
293
374
329
302
286
432
280
349
287
261
355
314
344
299
280
284
346
328
354
254
277
341
0
643
549
512
580
505
526
411
706
434
476
484
647
429
439
735
525
501
525
497
354
509
431
418
461
467
392
412
525
423
414
432
472
477
565
594
541
419
542
464
413
469
445
415
628
530
638
608
644
568
514
476
510
606
477
413
442
511
522
472
0
1095
888
851
733
708
801
744
976
1436
757
1005
766
910
747
817
796
790
723
946
767
1004
899
825
1047
728
804
912
641
779
731
896
886
781
790
825
677
884
916
953
864
792
718
749
828
818
927
796
842
873
747
858
834
779
741
738
816
690
770
769
955
1445
1334
1280
1428
1163
1339
1232
1062
1136
1284
1146
1391
1215
1104
1104
1146
1267
1212
1160
1169
1160
1207
1425
1386
1227
1210
1172
1300
1317
1319
1244
1347
1189
1106
1143
1272
1291
1081
1111
1178
1144
1229
1075
1127
1049
1083
1057
1081
1235
1240
1149
1072
1093
1070
1087
1119
1200
1036
1177
1296
409
447
548
437
390
525
586
347
497
446
352
313
504
501
460
446
445
433
529
392
429
323
320
408
325
321
356
461
532
406
474
464
426
318
339
492
337
409
366
474
363
319
347
491
410
496
484
381
569
387
358
414
320
369
568
447
399
417
327
515
677
637
651
523
599
876
527
582
543
468
521
633
634
694
643
566
531
473
458
677
588
607
585
599
578
394
435
497
589
512
577
545
658
536
496
705
462
403
572
396
453
646
419
515
431
393
489
468
539
731
694
521
529
721
665
835
495
694
536
491
0
916
1186
981
887
807
700
1029
888
820
901
832
847
1001
841
988
1060
906
999
967
1157
972
1035
833
995
822
1125
1004
956
1068
799
825
1190
876
888
1013
891
988
893
920
980
950
1225
798
899
814
980
1128
830
843
870
1068
866
850
1010
884
826
974
951
905
0
1132
1065
1128
1522
1188
1357
1116
1602
1032
1338
1156
1010
1027
1150
1254
1252
1230
1218
983
970
1153
1116
991
1151
1081
979
1016
1179
1275
1145
1191
1092
1154
1403
1175
1313
1440
1176
1382
1175
1306
1381
1182
1193
1372
1349
1163
1543
1168
1353
1249
1226
1268
1143
1273
1099
1036
1087
1192
711
128
128
128
128
128
126
128
128
128
128
128
127
128
127
128
128
128
128
128
128
128
128
128
128
128
128
128
124
128
128
128
126
128
123
128
128
128
128
128
121
127
128
128
128
128
128
127
128
128
128
128
128
128
128
128
128
128
128
128
128
256
249
256
223
256
256
243
244
256
252
256
256
247
249
256
245
224
256
256
256
256
256
241
255
256
256
256
256
256
245
256
256
254
240
245
256
256
251
256
256
256
255
256
256
256
256
256
256
256
255
256
256
256
254
256
256
254
256
256
255
490
483
402
467
501
512
480
452
475
512
492
480
511
508
512
489
501
490
498
481
511
481
476
506
482
505
512
512
480
508
497
502
454
465
512
471
512
512
469
512
512
512
509
512
512
503
497
512
512
504
478
512
512
501
512
453
512
512
512
511
0
979
926
928
902
996
946
971
975
1009
930
925
947
889
909
951
999
1000
997
977
1010
918
956
920
1011
847
961
945
884
973
880
967
912
935
858
933
920
940
958
942
955
964
1003
914
883
850
1021
971
938
894
913
747
953
993
945
937
887
781
927
906
0
256
256
256
235
199
223
223
256
253
256
256
256
255
256
256
256
256
256
255
256
223
223
217
228
223
256
220
225
224
223
223
227
223
222
234
223
221
256
240
227
256
256
255
256
256
255
256
256
255
256
256
256
254
256
256
256
256
256
256
256
426
447
506
474
496
510
468
447
443
458
452
444
491
416
447
509
413
443
495
425
410
440
414
465
414
446
482
505
382
475
438
447
447
474
404
421
444
418
437
475
444
447
490
396
380
497
417
412
449
447
400
466
444
437
446
447
489
435
447
434
832
821
712
850
825
831
855
812
796
880
865
891
879
892
852
830
897
924
915
867
928
954
792
899
908
860
880
864
904
827
858
892
840
864
812
902
849
859
898
695
736
883
756
928
869
856
772
907
844
886
808
823
739
870
781
896
843
869
850
788
2048
1292
1495
1468
1304
1337
1210
1292
1213
1625
1282
1102
1236
1388
1336
1255
1571
1326
1189
1363
1399
1329
1450
1355
1187
1302
1304
1340
1388
1217
1278
1613
1386
1238
1494
1306
1292
1428
1161
1308
1321
1508
1535
1144
1465
1301
1216
1322
1175
1241
1341
1303
1288
1335
1266
1200
1292
1407
1331
1402
0
410
332
402
372
415
376
384
351
351
321
383
301
276
373
395
347
351
351
342
351
486
350
356
409
351
350
337
333
317
351
351
318
330
374
347
350
351
356
351
347
351
420
351
345
285
287
265
318
298
259
260
282
283
329
297
282
258
304
287
0
665
464
536
447
436
478
492
540
475
543
496
709
366
550
556
544
522
644
435
473
481
585
517
452
573
527
537
527
476
582
578
498
552
559
624
507
454
515
519
420
534
636
574
477
413
395
719
508
476
565
591
484
493
524
547
600
647
580
468
550
958
1032
965
972
866
777
1075
1010
994
1108
924
1048
907
1175
901
1000
1015
913
1151
991
1107
976
942
932
1057
819
988
969
830
1211
817
988
934
845
753
855
863
855
869
877
1095
1235
1273
1005
1058
851
987
1065
1167
1032
1101
1055
1028
857
767
966
1116
917
785
922
2059
1482
1616
1469
1527
1520
1511
1298
1383
1444
1571
1440
1291
1492
1789
1692
1419
1515
1405
1286
1464
1836
1357
1619
1898
1668
1769
1384
1526
1638
1306
1422
1310
1393
1525
1652
1337
1571
1434
2013
1293
1459
1584
1371
1729
1322
1622
1404
1479
1436
1393
1705
1400
1860
1357
1391
1290
1326
1498
1493
1024
562
444
569
529
595
464
418
375
483
441
400
431
443
431
457
508
565
578
534
423
478
471
527
571
506
455
572
457
440
501
488
487
431
538
456
482
469
529
554
680
574
592
502
592
441
493
621
455
531
504
458
574
461
451
501
507
418
497
475
0
750
726
760
776
642
805
667
640
672
753
619
701
679
583
733
592
554
523
582
644
667
671
611
623
580
686
639
770
720
737
757
558
529
605
777
688
879
780
753
824
873
710
782
719
641
751
932
725
681
732
720
767
861
810
740
821
637
581
636
0
819
666
883
792
1024
957
1235
1229
1100
928
997
1071
1307
993
1009
1218
809
967
1040
1088
866
1048
932
1182
1173
1135
1451
1254
813
953
1184
1026
950
1216
1017
962
979
1054
959
850
1136
1016
1124
1022
915
1098
1031
1146
1196
1075
967
1114
1499
1078
1589
1181
1161
1036
977
1148
1542
1627
1538
1638
1716
1594
1538
1644
1881
1724
1494
1579
1681
1777
1398
1870
1764
1876
1585
1859
1481
1420
1774
1536
1900
1680
1827
1585
1548
1630
1415
1332
1509
1378
1633
1719
1918
1346
1962
1534
1571
1642
1572
1742
1580
1490
1735
1393
1406
1643
1540
1605
1474
1558
1597
1834
1601
1641
1423
1373
128
128
128
128
128
128
126
128
128
128
128
128
128
128
128
127
128
128
124
128
128
127
128
128
128
128
128
128
128
128
128
128
128
128
128
127
128
128
128
128
128
128
128
128
128
127
127
128
128
128
127
128
128
128
127
128
127
128
128
128
256
256
256
256
256
256
256
256
256
256
256
256
255
256
256
256
256
256
256
254
256
256
256
256
256
256
256
256
254
255
256
256
255
256
255
256
256
256
256
256
256
256
256
255
256
256
256
256
256
256
256
254
256
256
256
256
256
254
256
256
0
512
512
511
510
498
441
455
511
483
511
512
507
512
512
512
509
483
472
486
500
505
512
512
480
488
511
512
488
512
491
476
512
511
510
512
512
497
512
510
480
512
512
509
512
490
512
511
501
512
496
512
512
512
512
501
508
512
512
493
0
1024
1024
1024
1024
996
936
934
801
904
938
929
800
934
1018
904
944
889
962
975
996
980
969
931
958
965
1024
972
888
1007
965
933
942
1004
961
985
954
1009
983
1014
1017
957
960
942
970
1007
992
1021
990
991
976
951
982
946
989
877
895
1024
940
989
957
256
256
256
256
254
253
256
256
256
256
254
256
256
255
256
231
244
227
230
254
237
232
233
256
240
217
256
246
223
247
256
256
256
256
256
256
256
256
256
256
256
256
255
256
254
256
256
255
239
227
243
236
231
256
255
256
234
256
236
241
512
512
512
478
458
469
458
447
448
450
418
415
445
438
383
381
451
454
482
454
414
452
407
419
387
430
438
440
430
419
452
475
426
432
503
453
448
415
438
420
475
444
452
458
419
423
442
451
442
453
447
415
457
431
415
440
433
420
480
432
1024
1024
1024
812
916
720
623
790
679
766
876
807
793
764
837
847
839
876
932
905
800
833
826
798
755
905
875
915
881
968
916
858
841
810
819
844
845
918
886
903
797
866
844
885
903
816
886
863
969
852
852
913
882
849
892
787
912
901
861
919
0
2048
2044
2047
1197
1088
1005
998
1137
1207
1127
1217
1112
1137
1210
1187
1304
1251
1214
1355
1280
1302
1227
1345
1372
1549
1370
1351
1386
1379
1546
1447
1529
1369
1318
1312
1655
1304
1534
1416
1449
1350
1295
1331
1446
1366
1375
1370
1372
1399
1330
1476
1384
1395
1563
1374
1402
1404
1353
1538
0
512
502
512
455
391
500
461
464
455
487
491
422
460
486
446
405
433
423
491
418
390
366
435
361
353
341
355
356
400
382
386
386
392
405
364
406
407
365
411
391
380
498
413
404
473
393
402
400
386
384
422
367
408
365
410
416
378
439
446
422
1023
633
620
581
561
687
430
652
531
583
530
545
526
595
536
591
562
460
544
597
547
614
565
555
615
596
529
596
660
526
567
651
539
496
558
606
568
540
709
645
572
617
564
528
592
630
619
561
550
713
537
570
556
640
555
529
578
613
580
517
2048
2035
780
957
875
857
1099
946
895
961
874
1107
898
814
958
955
946
1058
997
1107
1081
995
852
789
997
896
855
995
1031
1004
1039
1026
1088
1068
843
942
1031
924
1318
1004
991
1003
1341
1357
1188
900
897
1062
1151
958
1030
957
928
967
970
989
924
966
1244
1063
0
3312
3103
1196
1138
1152
1178
1282
1313
1139
1183
1128
1223
1276
1633
1488
1484
1327
1447
1432
1521
1429
1471
1448
1494
1731
1549
1490
1542
1663
1793
1917
1606
1557
1715
1621
1473
1640
1440
1398
1543
1722
1439
1645
1623
1559
1732
1485
1482
1704
1519
1672
1457
1587
1360
1485
1302
1672
1647
1664
0
486
517
581
516
423
429
439
473
549
457
408
484
363
414
513
433
415
458
458
482
585
552
370
373
377
442
336
354
305
338
420
412
404
477
363
421
413
518
515
420
520
437
471
706
501
424
532
553
519
597
442
476
515
539
542
600
583
515
553
585
1589
544
709
605
740
661
521
671
652
667
578
708
805
558
874
674
800
980
656
804
817
651
840
720
709
594
779
986
822
774
654
1000
651
848
638
596
597
697
825
586
832
610
612
927
759
676
1050
852
728
650
634
609
686
994
631
755
879
708
746
581
2643
1538
1107
928
872
1329
949
936
1016
974
1099
979
1115
998
1086
1052
1162
1067
1480
986
1067
1182
1063
1144
974
1100
1145
1165
1273
1210
1140
1162
1121
972
1231
1123
1332
1137
1616
1151
1447
1288
1064
1126
1270
1011
1254
1111
1242
1112
1315
1170
1114
1104
1273
1061
1334
1146
1027
1131
4237
3848
2332
1481
1620
1864
1457
1664
1557
1742
1607
1827
1355
1744
1534
1460
1368
1687
1731
1517
1571
1767
1678
1434
1665
1463
1601
1456
1718
1543
1618
1544
1615
1726
1527
1750
1633
1762
1409
1418
1381
1485
1884
1948
1446
1406
1426
1831
1647
1570
1347
1619
1462
1716
1471
1719
1573
1450
1492
1669
0
128
128
128
127
128
128
128
127
128
128
128
128
128
128
127
128
128
128
128
128
128
128
128
128
128
128
128
128
128
128
127
128
128
127
128
128
128
128
128
128
128
128
128
128
126
126
128
128
128
128
128
128
128
128
128
128
126
127
128
0
256
256
253
256
256
256
256
250
256
256
255
256
256
256
256
256
256
256
256
255
256
256
256
256
256
256
256
256
256
256
256
256
253
256
256
256
256
254
256
256
256
256
256
256
256
256
254
256
251
256
256
256
256
255
256
255
252
256
255
5
487
504
510
481
512
512
512
512
495
512
512
512
512
503
511
508
512
512
512
512
512
511
512
512
512
512
511
509
512
512
512
512
512
512
512
512
512
512
512
512
512
511
483
510
512
512
512
512
509
511
512
511
510
497
512
512
512
512
512
506
1024
985
996
954
964
907
979
1014
954
1000
1003
923
953
915
964
897
1020
975
965
1001
1002
1019
1007
990
984
981
966
993
995
1013
915
912
979
973
971
912
891
858
941
969
983
989
926
991
961
904
1004
963
1007
1024
918
1016
990
970
975
992
937
982
948
1002
255
256
256
256
256
255
253
256
256
256
256
256
256
256
256
256
253
256
256
256
254
256
256
256
256
256
255
256
253
242
254
256
256
256
255
256
256
256
256
256
256
256
256
256
256
256
251
256
256
256
256
254
256
256
256
256
256
256
256
252
0
403
443
476
480
480
443
451
507
512
479
506
479
447
479
512
448
491
484
512
477
499
511
512
479
490
512
512
512
510
464
449
462
490
512
511
485
479
509
512
512
499
512
512
512
512
512
512
473
509
441
450
498
490
474
459
475
479
474
443
0
585
585
617
795
788
834
811
673
882
715
854
793
790
723
822
956
797
755
840
864
812
898
944
847
830
943
838
878
851
892
919
936
941
870
860
883
873
935
930
941
911
900
820
893
849
921
893
906
934
996
957
947
950
818
927
843
963
876
838
924
1435
1477
1376
1405
1526
1355
1314
1546
1422
1497
1255
1412
1450
1433
1345
1583
1414
1353
1415
1460
1311
1405
1545
1302
1323
1362
1426
1482
1374
1427
1455
1390
1693
1416
1463
1465
1306
1417
1494
1460
1250
1433
1486
1762
1391
1266
1404
1547
1511
1549
1517
1286
1315
1405
1446
1427
1517
1420
1268
1420
512
466
441
444
411
419
386
379
440
393
357
375
369
435
422
498
448
483
425
390
362
407
409
429
408
351
448
465
374
452
370
456
451
501
399
403
492
400
383
375
398
426
395
415
501
404
399
417
436
380
397
425
410
408
400
440
425
395
406
409
1021
714
624
693
584
580
615
647
652
664
611
606
653
687
591
665
597
581
730
701
612
563
597
617
651
612
513
545
487
522
670
629
695
590
677
596
680
603
594
534
669
613
645
766
645
681
667
592
634
589
621
727
664
536
491
482
559
524
572
542
0
1201
1054
1057
1261
1042
1084
1024
1170
1086
1032
950
1039
869
901
1054
1049
931
1105
1172
1043
1085
1001
1074
999
1148
1097
1135
1139
1015
996
828
989
975
951
1079
1142
1151
1069
1012
1024
1044
1259
1152
1160
916
1022
922
958
974
1112
996
891
1080
880
1025
982
1061
777
879
0
1943
1695
1471
1633
1913
1604
1483
1516
1466
1704
1667
1495
1479
1607
1389
1624
1445
1482
1893
1475
1429
1480
1415
1801
1463
1750
1766
1507
1704
1575
1628
1495
1376
1767
1579
1824
1481
1508
1561
1659
1762
1546
1457
1554
1482
1788
1608
1749
1363
1327
1499
1542
1442
1643
1497
1397
1453
1505
1557
1429
722
489
482
535
440
539
646
598
456
493
714
582
464
541
580
391
536
401
477
641
398
466
502
546
477
520
457
495
425
450
486
498
520
580
699
596
579
512
560
389
512
390
377
494
424
516
472
436
395
651
515
432
432
483
534
421
480
444
428
532
1708
872
841
758
1022
862
741
765
723
817
804
691
671
1114
843
852
675
623
539
717
675
516
592
513
615
833
671
539
690
706
744
892
845
732
685
700
740
696
519
620
632
635
796
704
607
717
596
569
656
528
646
634
672
552
560
611
553
504
619
805
0
1167
890
1174
1219
1289
1031
1157
989
1021
826
1009
876
976
1161
944
1061
1102
1113
1306
1549
980
991
978
1063
1343
1412
1339
944
1085
1323
1050
1128
1036
1098
1250
1092
1188
1224
1108
1119
1262
930
1338
1043
1001
1046
1159
886
1081
1080
1099
923
959
1064
876
1007
1217
1298
1113
0
1911
1544
1679
1730
1520
1500
1903
1340
1796
1569
1551
1597
1486
1543
1975
1787
1605
1345
1433
1579
1537
1442
1757
1649
1383
1375
1471
1535
1727
1511
1693
1786
1918
1943
1684
1485
1468
1759
1533
1634
1484
1567
1508
1478
1220
1319
1899
1289
1357
1448
1371
1723
1456
1837
1465
1310
1535
1884
1333
1478
0
0
0
0
0
0
0
0
0
0
0
0
0
0
0
0
0
0
0
0
0
0
0
0
0
0
0
0
0
0
0
0
0
0
0
0
0
0
0
0
0
0
0
0
0
0
0
0
0
0
0
0
0
0
0
0
0
0
0
0
0
0
0
0
0
0
0
0
0
0
0
0
0
0
0
0
0
0
0
0
0
0
0
0
0
0
0
0
0
0
0
0
0
0
0
0
0
0
0
0
0
0
0
0
0
0
0
0
0
0
0
0
0
0
0
0
0
0
0
0
0
0
0
0
0
0
0
0
0
0
0
0
0
0
0
0
0
0
0
0
0
0
0
0
0
0
0
0
0
0
0
0
0
0
0
0
0
0
0
0
0
0
0
0
0
0
0
0
0
0
0
0
0
0
0
